#num_of_iter: 150
#num_of_exper: 11
#rows: 51
#cols: 51
#p_init_C: 0.5
#p_state_mut: 0.0
#p_strat_mut: 0.0
#p_0_neighb: 0.3
#p_1_neighb: 0.3
#comp_type: tournament
#sharing: False
#allC: 0.2
#allD: 0.2
#kD: 0.2
#kC: 0.2
#kDC: 0.2
#k_values: 0 to 8
#synchronity_prob: 1.0
#optimal_num_of_1s: 676
#playerC_opponentD_payoff: 0.0
#playerC_opponentC_payoff: 1.0
#playerD_opponentD_payoff: 0.1
#playerD_opponentC_payoff: 1.2
#debug:  False


#Experiment: 0

#seed: 9019857989174085913
#iter         f_C          f_C_corr        av_sum      f_allC      f_allD        f_kD        f_kC        f_kDC       f_strat_ch      f_0D        f_1D        f_2D        f_3D        f_4D        f_5D        f_6D        f_7D        f_8D        f_0C        f_1C        f_2C        f_3C        f_4C        f_5C        f_6C        f_7C        f_8C        f_0DC       f_1DC       f_2DC       f_3DC       f_4DC        f_5DC       f_6DC       f_7DC       f_8DC
0             0.4977        0.0033          1.0398           0.2095      0.187        0.1812      0.2191      0.2032      1.0             0.1103      0.0943      0.1172      0.108      0.1287      0.131      0.1218      0.1011       0.0874      0.1179      0.1198      0.1084      0.1008       0.116      0.1084      0.1046      0.1179      0.1065      0.123      0.0943      0.1209      0.127      0.1291       0.1127      0.0963      0.0984      0.0984
1             0.5369        0.0046          1.0655           0.2087      0.1778        0.1762      0.2407      0.1966      1.0             0.1395      0.0757      0.1017      0.0993      0.1206      0.156      0.1229      0.104       0.0804      0.1038      0.1176      0.128      0.0917       0.1055      0.109      0.0952      0.1246      0.1246      0.0996      0.1144      0.0932      0.161      0.125       0.1102      0.1017      0.1102      0.0847
2             0.5156        0.0071          1.1116           0.1991      0.1828        0.1649      0.2507      0.2024      1.0             0.1414      0.0783      0.1061      0.1288      0.1162      0.1566      0.1111      0.0909       0.0707      0.1179      0.1146      0.1346      0.1013       0.0947      0.1163      0.0947      0.1179      0.108      0.0905      0.0926      0.0823      0.1564      0.1379       0.1152      0.1029      0.1173      0.1049
3             0.4798        0.0104          1.128           0.1837      0.1978        0.1583      0.2586      0.2016      1.0             0.1474      0.0895      0.1289      0.1263      0.1      0.1342      0.1079      0.0895       0.0763      0.0918      0.1369      0.1691      0.0998       0.0966      0.1127      0.0757      0.1095      0.1079      0.0744      0.0847      0.0661      0.1674      0.1384       0.1157      0.1116      0.1178      0.124
4             0.4661        0.0137          1.1694           0.1808      0.2237        0.1545      0.2574      0.1837      1.0             0.1536      0.0916      0.1267      0.1752      0.0889      0.124      0.1051      0.0809       0.0539      0.0906      0.1586      0.2087      0.0825       0.0841      0.11      0.0663      0.1019      0.0971      0.0771      0.0748      0.068      0.1587      0.127       0.1156      0.1179      0.1066      0.1542
5             0.4415        0.0258          1.293           0.1628      0.2561        0.1445      0.2536      0.1828      1.0             0.1787      0.1182      0.1239      0.1326      0.0807      0.1182      0.1037      0.0865       0.0576      0.1117      0.1527      0.2085      0.0755       0.1002      0.0985      0.0558      0.1067      0.0903      0.0729      0.0683      0.0638      0.1458      0.1185       0.1048      0.1162      0.1526      0.1572
6             0.4048        0.0387          1.4406           0.1404      0.2982        0.1491      0.2387      0.1737      1.0             0.2318      0.1061      0.1313      0.1564      0.067      0.0866      0.0838      0.0866       0.0503      0.1431      0.1798      0.199      0.0663       0.0942      0.0942      0.0454      0.1065      0.0716      0.0647      0.0671      0.0552      0.1367      0.0935       0.1079      0.1655      0.1559      0.1535
7             0.3682        0.0458          1.5462           0.115      0.3261        0.1591      0.2337      0.1662      1.0             0.2827      0.1283      0.0995      0.1545      0.0785      0.0759      0.0681      0.0681       0.0445      0.1854      0.1907      0.1854      0.0642       0.098      0.0749      0.0428      0.0927      0.066      0.0476      0.0526      0.0501      0.1328      0.0677       0.1028      0.1955      0.1779      0.1729
8             0.3419        0.0621          1.7016           0.0962      0.3607        0.1637      0.2207      0.1587      1.0             0.313      0.1552      0.1247      0.1247      0.0687      0.0636      0.0534      0.0585       0.0382      0.2208      0.1868      0.1981      0.0566       0.0755      0.0906      0.0358      0.0849      0.0509      0.0367      0.0367      0.0577      0.1181      0.063       0.0892      0.2073      0.189      0.2021
9             0.3049        0.0733          1.8435           0.0758      0.3907        0.1653      0.2095      0.1587      1.0             0.335      0.2015      0.131      0.1184      0.0403      0.0479      0.0504      0.0529       0.0227      0.2843      0.2068      0.1909      0.0517       0.0596      0.0616      0.0338      0.0656      0.0457      0.0262      0.0289      0.0341      0.0997      0.0577       0.084      0.21      0.2598      0.1995
10             0.2666        0.0845          1.9968           0.0621      0.4282        0.1603      0.1928      0.1566      1.0             0.361      0.213      0.1273      0.1091      0.0416      0.039      0.0442      0.0519       0.013      0.3672      0.216      0.162      0.0454       0.0302      0.0562      0.0302      0.054      0.0389      0.0239      0.0293      0.0186      0.0904      0.0452       0.0718      0.1356      0.3032      0.2819
11             0.2603        0.0941          2.1369           0.0508      0.4415        0.1579      0.1962      0.1537      1.0             0.3536      0.1741      0.1398      0.1372      0.0501      0.0317      0.0422      0.058       0.0132      0.4183      0.2335      0.1465      0.0531       0.0127      0.0297      0.0276      0.0446      0.034      0.0163      0.0271      0.0136      0.0786      0.0136       0.0542      0.1897      0.3333      0.2737
12             0.2453        0.0966          2.2022           0.0437      0.4648        0.1412      0.1724      0.1778      1.0             0.4041      0.1711      0.1416      0.1298      0.0324      0.0265      0.0295      0.0531       0.0118      0.4855      0.2271      0.1256      0.0338       0.0097      0.0217      0.029      0.0338      0.0338      0.0117      0.0234      0.0094      0.0656      0.0094       0.0398      0.2295      0.356      0.2553
13             0.2295        0.1137          2.3746           0.035      0.5023        0.1333      0.1724      0.157      1.0             0.3719      0.1562      0.1625      0.1781      0.0187      0.025      0.0312      0.0437       0.0125      0.5628      0.1715      0.1401      0.0145       0.0145      0.0145      0.029      0.0266      0.0266      0.0053      0.0186      0.008      0.0769      0.0053       0.0345      0.2016      0.382      0.2679
14             0.2349        0.11          2.3119           0.0317      0.5127        0.1291      0.1658      0.1608      1.0             0.4355      0.1581      0.1      0.1645      0.0194      0.0226      0.029      0.0452       0.0258      0.6005      0.191      0.0905      0.0075       0.0126      0.0151      0.0302      0.0251      0.0276      0.0052      0.0155      0.0078      0.0777      0.0       0.0337      0.2254      0.3575      0.2772
15             0.2066        0.1087          2.3411           0.0292      0.531        0.1091      0.1741      0.1566      1.0             0.3779      0.1374      0.1107      0.2214      0.0229      0.0267      0.0305      0.0534       0.0191      0.6316      0.1435      0.1244      0.0072       0.0024      0.0144      0.0287      0.0215      0.0263      0.0053      0.016      0.008      0.0745      0.0       0.0372      0.1862      0.367      0.3059
16             0.2216        0.1204          2.4794           0.0279      0.5319        0.1158      0.1712      0.1533      1.0             0.4532      0.1331      0.1043      0.1799      0.018      0.0216      0.0324      0.0432       0.0144      0.6667      0.1582      0.073      0.0073       0.0024      0.0146      0.0292      0.0219      0.0268      0.0054      0.0163      0.0082      0.0652      0.0       0.0326      0.144      0.4158      0.3125
17             0.207        0.1233          2.6211           0.0279      0.5148        0.1291      0.1691      0.1591      1.0             0.4968      0.1      0.0935      0.1806      0.0194      0.0226      0.029      0.0452       0.0129      0.7537      0.1158      0.0369      0.0074       0.0025      0.0148      0.0271      0.0172      0.0246      0.0052      0.0157      0.0052      0.055      0.0       0.0236      0.1178      0.4607      0.3168
18             0.2195        0.1304          2.7537           0.0246      0.5273        0.12      0.1653      0.1628      1.0             0.4861      0.0938      0.0833      0.191      0.0208      0.0243      0.0312      0.0556       0.0139      0.7632      0.1058      0.0378      0.0076       0.0025      0.0151      0.0277      0.0176      0.0227      0.0051      0.0153      0.0051      0.0486      0.0       0.023      0.1355      0.4987      0.2685
19             0.2141        0.1308          2.6477           0.0283      0.5248        0.1083      0.1599      0.1787      1.0             0.45      0.0846      0.1077      0.1885      0.0231      0.0385      0.0423      0.0538       0.0115      0.8099      0.0911      0.0182      0.0       0.0026      0.0104      0.0312      0.0182      0.0182      0.0047      0.0233      0.0047      0.0443      0.0       0.014      0.1119      0.4918      0.3054
20             0.2166        0.1354          2.7524           0.0254      0.5098        0.1045      0.1712      0.1891      1.0             0.4661      0.0478      0.1076      0.2351      0.0239      0.0159      0.0478      0.0478       0.008      0.7956      0.1022      0.0219      0.0       0.0024      0.0146      0.0292      0.017      0.017      0.0044      0.022      0.0044      0.033      0.0       0.0066      0.1256      0.533      0.2709
21             0.2074        0.1308          2.6788           0.025      0.5165        0.0979      0.1695      0.1912      1.0             0.4255      0.0851      0.0766      0.2298      0.0255      0.0298      0.0426      0.0596       0.0255      0.801      0.0983      0.0221      0.0       0.0025      0.0123      0.0295      0.0172      0.0172      0.0044      0.024      0.0044      0.0327      0.0       0.0044      0.1068      0.5338      0.2898
22             0.2082        0.1358          2.7619           0.0242      0.5065        0.0837      0.1778      0.2078      1.0             0.4527      0.0398      0.0896      0.2338      0.0299      0.0199      0.0498      0.0697       0.0149      0.7986      0.1077      0.0211      0.0       0.0023      0.0094      0.0281      0.0164      0.0164      0.004      0.018      0.004      0.0261      0.0       0.004      0.1142      0.517      0.3126
23             0.2057        0.1333          2.7378           0.0225      0.499        0.0787      0.1778      0.222      1.0             0.455      0.0582      0.0952      0.2275      0.0265      0.0106      0.0423      0.0688       0.0159      0.829      0.082      0.0211      0.0       0.0023      0.0094      0.0258      0.0164      0.0141      0.0038      0.015      0.0038      0.0263      0.0       0.0038      0.1445      0.4953      0.3077
24             0.1995        0.132          2.7013           0.0229      0.4885        0.0804      0.1853      0.2228      1.0             0.4922      0.0518      0.0881      0.228      0.0259      0.0104      0.0311      0.0622       0.0104      0.8517      0.0652      0.0202      0.0       0.0022      0.009      0.0225      0.0157      0.0135      0.0037      0.0168      0.0037      0.0243      0.0       0.0037      0.1065      0.5178      0.3234
25             0.2112        0.1383          2.8019           0.0212      0.4844        0.0762      0.1916      0.2266      1.0             0.4262      0.0929      0.1038      0.2295      0.0219      0.0219      0.0328      0.0601       0.0109      0.8522      0.0739      0.0196      0.0       0.0022      0.0087      0.0174      0.0152      0.0109      0.0018      0.0129      0.0037      0.0221      0.0       0.0037      0.0956      0.568      0.2923
26             0.2012        0.1399          2.8827           0.0217      0.4848        0.0683      0.1924      0.2328      1.0             0.3293      0.1037      0.1098      0.2805      0.0244      0.0244      0.0305      0.0854       0.0122      0.8723      0.0606      0.0152      0.0       0.0022      0.0087      0.0152      0.0195      0.0065      0.0018      0.0089      0.0036      0.0215      0.0       0.0036      0.0859      0.5832      0.2916
27             0.2099        0.1379          2.9009           0.0221      0.4802        0.0596      0.1978      0.2403      1.0             0.2937      0.0699      0.1748      0.2797      0.028      0.021      0.028      0.0909       0.014      0.8611      0.0695      0.0189      0.0       0.0021      0.0084      0.0168      0.0189      0.0042      0.0      0.0104      0.0035      0.0191      0.0       0.0035      0.0763      0.6049      0.2825
28             0.2049        0.1445          3.0102           0.0212      0.469        0.0525      0.2016      0.2557      1.0             0.2302      0.0556      0.1429      0.3968      0.0317      0.0079      0.0317      0.0873       0.0159      0.8781      0.0579      0.0165      0.0       0.0021      0.0083      0.0145      0.0186      0.0041      0.0      0.0098      0.0033      0.0179      0.0       0.0033      0.0603      0.601      0.3046
29             0.2066        0.1437          3.0229           0.0208      0.4681        0.0521      0.2082      0.2507      1.0             0.184      0.024      0.16      0.416      0.032      0.048      0.032      0.088       0.016      0.872      0.058      0.016      0.0       0.002      0.008      0.024      0.016      0.004      0.0      0.0066      0.0033      0.0183      0.0       0.0033      0.0664      0.6213      0.2807
30             0.2016        0.142          2.9832           0.0208      0.4644        0.0458      0.2099      0.2591      1.0             0.2      0.0182      0.1273      0.4273      0.0364      0.0455      0.0273      0.1       0.0182      0.8869      0.0536      0.0119      0.0       0.002      0.004      0.0238      0.0139      0.004      0.0      0.0064      0.0032      0.0161      0.0       0.0032      0.0643      0.6077      0.299
31             0.2062        0.1474          3.0732           0.0208      0.4552        0.0483      0.2095      0.2661      1.0             0.2241      0.0172      0.1293      0.4052      0.0259      0.0345      0.0345      0.1121       0.0172      0.8807      0.0497      0.0139      0.0       0.002      0.008      0.0298      0.0119      0.004      0.0      0.0047      0.0031      0.0172      0.0       0.0031      0.0454      0.6197      0.3067
32             0.2016        0.1412          2.968           0.0212      0.4569        0.0475      0.2012      0.2732      1.0             0.2193      0.0175      0.1842      0.4035      0.0175      0.0351      0.0351      0.0702       0.0175      0.8861      0.0435      0.0145      0.0       0.0021      0.0083      0.029      0.0124      0.0041      0.0      0.0061      0.003      0.0168      0.0       0.003      0.0412      0.6402      0.2896
33             0.2091        0.1533          3.1521           0.0208      0.4556        0.0458      0.2066      0.2711      1.0             0.1636      0.0182      0.2091      0.4364      0.0182      0.0273      0.0364      0.0727       0.0182      0.8871      0.0444      0.0141      0.0       0.002      0.0081      0.0282      0.0121      0.004      0.0      0.0061      0.0031      0.0169      0.0       0.0031      0.0568      0.6544      0.2596
34             0.2095        0.1554          3.2274           0.02      0.4456        0.0408      0.2107      0.2828      1.0             0.1735      0.0204      0.2041      0.398      0.0204      0.0204      0.0408      0.102       0.0204      0.9012      0.0435      0.0099      0.0       0.002      0.004      0.0257      0.0099      0.004      0.0      0.0059      0.0015      0.0162      0.0       0.0029      0.0545      0.6701      0.2489
35             0.2095        0.1545          3.228           0.0196      0.4369        0.045      0.2228      0.2757      1.0             0.1204      0.0185      0.25      0.3889      0.0185      0.0556      0.037      0.0926       0.0185      0.9047      0.043      0.0093      0.0       0.0019      0.0112      0.0206      0.0075      0.0019      0.0      0.0045      0.0015      0.0121      0.0       0.003      0.0514      0.7039      0.2236
36             0.2112        0.1566          3.3344           0.0192      0.4311        0.0462      0.2232      0.2803      1.0             0.1622      0.018      0.2703      0.3333      0.018      0.0541      0.036      0.0901       0.018      0.9179      0.0336      0.0112      0.0       0.0019      0.0112      0.0187      0.0056      0.0      0.0      0.0059      0.0015      0.0119      0.0       0.003      0.0609      0.7132      0.2036
37             0.2032        0.1545          3.29           0.0171      0.4219        0.045      0.2349      0.2811      1.0             0.1759      0.0185      0.1944      0.4167      0.0185      0.037      0.037      0.0833       0.0185      0.922      0.0337      0.0106      0.0       0.0018      0.0089      0.0177      0.0053      0.0      0.0      0.0044      0.0      0.0133      0.0       0.003      0.0622      0.7481      0.1689
38             0.2157        0.1516          3.2232           0.02      0.4015        0.0516      0.2395      0.2874      1.0             0.1935      0.0161      0.2742      0.2903      0.0161      0.0242      0.0323      0.1371       0.0161      0.9235      0.0313      0.0104      0.0       0.0017      0.0104      0.0174      0.0052      0.0      0.0      0.0043      0.0      0.013      0.0       0.0029      0.0638      0.7522      0.1638
39             0.2062        0.1574          3.3163           0.0196      0.3898        0.0479      0.2507      0.292      1.0             0.1652      0.0174      0.2696      0.3217      0.0087      0.0261      0.0348      0.1391       0.0174      0.9302      0.0299      0.0066      0.0       0.0017      0.0083      0.0183      0.005      0.0      0.0      0.0057      0.0      0.01      0.0       0.0029      0.0571      0.7632      0.1612
40             0.2195        0.1587          3.3611           0.0192      0.3694        0.0496      0.2682      0.2936      1.0             0.1429      0.0168      0.2773      0.3529      0.0      0.0252      0.0336      0.1345       0.0168      0.9224      0.0311      0.0093      0.0       0.0016      0.0093      0.0217      0.0047      0.0      0.0      0.0057      0.0      0.0085      0.0       0.0028      0.0525      0.7844      0.1461
41             0.212        0.1645          3.4483           0.0192      0.3748        0.0446      0.2653      0.2961      1.0             0.1589      0.0187      0.2243      0.4019      0.0      0.0      0.0374      0.1402       0.0187      0.9294      0.0267      0.0094      0.0       0.0016      0.0094      0.0188      0.0047      0.0      0.0      0.0042      0.0      0.0084      0.0       0.0028      0.0323      0.8003      0.1519
42             0.2149        0.1587          3.375           0.0204      0.3698        0.0462      0.2728      0.2907      1.0             0.1441      0.018      0.2072      0.4414      0.0      0.0      0.027      0.1441       0.018      0.9344      0.0214      0.0092      0.0       0.0015      0.0076      0.0214      0.0046      0.0      0.0      0.0043      0.0      0.0115      0.0       0.0029      0.0387      0.8138      0.1289
43             0.2162        0.1662          3.559           0.02      0.3569        0.0466      0.2857      0.2907      1.0             0.1429      0.0179      0.2321      0.4196      0.0      0.0      0.0357      0.1339       0.0179      0.9475      0.0204      0.0058      0.0       0.0015      0.0029      0.0175      0.0044      0.0      0.0      0.0043      0.0      0.0115      0.0       0.0029      0.0287      0.8438      0.1089
44             0.2166        0.1645          3.6084           0.02      0.3532        0.0437      0.2978      0.2853      1.0             0.1714      0.019      0.2095      0.419      0.0      0.0      0.0381      0.1238       0.019      0.9371      0.0196      0.0084      0.0       0.0014      0.0056      0.0238      0.0042      0.0      0.0      0.0044      0.0      0.0088      0.0       0.0029      0.0409      0.8657      0.0774
45             0.2137        0.1674          3.5948           0.02      0.3365        0.0387      0.317      0.2878      1.0             0.172      0.0215      0.172      0.4731      0.0      0.0      0.043      0.0968       0.0215      0.9422      0.0184      0.0079      0.0       0.0013      0.0053      0.021      0.0039      0.0      0.0      0.0043      0.0      0.0116      0.0       0.0029      0.0333      0.8596      0.0883
46             0.2203        0.1691          3.6664           0.02      0.3178        0.0375      0.3236      0.3011      1.0             0.1778      0.0222      0.1556      0.4222      0.0      0.0      0.0444      0.1556       0.0222      0.9434      0.018      0.0077      0.0       0.0013      0.0051      0.0206      0.0039      0.0      0.0      0.0041      0.0      0.0111      0.0       0.0028      0.0194      0.8741      0.0885
47             0.2245        0.172          3.7039           0.0196      0.3082        0.04      0.3336      0.2986      1.0             0.1667      0.0208      0.1562      0.4583      0.0      0.0      0.0417      0.1354       0.0208      0.9451      0.0175      0.0075      0.0       0.0012      0.005      0.02      0.0037      0.0      0.0      0.0042      0.0      0.0112      0.0       0.0028      0.0042      0.9038      0.0739
48             0.2153        0.1674          3.7018           0.0196      0.3161        0.0396      0.3436      0.2811      1.0             0.1684      0.0211      0.1368      0.4737      0.0      0.0      0.0421      0.1368       0.0211      0.9442      0.0194      0.0073      0.0       0.0012      0.0048      0.0194      0.0036      0.0      0.0      0.0044      0.0      0.0119      0.0       0.003      0.0      0.9304      0.0504
49             0.2282        0.1753          3.8268           0.0208      0.2915        0.0367      0.3519      0.299      1.0             0.1932      0.0227      0.0682      0.4659      0.0      0.0      0.0455      0.1818       0.0227      0.942      0.0189      0.0071      0.0       0.0012      0.0047      0.0225      0.0036      0.0      0.0      0.0042      0.0      0.0111      0.0       0.0028      0.0      0.9206      0.0613
50             0.2241        0.1687          3.7889           0.0204      0.2799        0.0383      0.3515      0.3099      1.0             0.1848      0.0217      0.0543      0.5109      0.0      0.0      0.0435      0.163       0.0217      0.9431      0.019      0.0071      0.0       0.0012      0.0047      0.0213      0.0036      0.0      0.0      0.004      0.0      0.0108      0.0       0.0027      0.0      0.9355      0.047
51             0.2253        0.1753          3.8592           0.0217      0.2703        0.0367      0.3544      0.317      1.0             0.1818      0.0227      0.0568      0.5      0.0      0.0      0.0455      0.1705       0.0227      0.9436      0.0188      0.0071      0.0       0.0012      0.0047      0.0212      0.0035      0.0      0.0      0.0039      0.0      0.0105      0.0       0.0026      0.0      0.9435      0.0394
52             0.2249        0.1733          3.8244           0.0212      0.2736        0.0379      0.3444      0.3228      1.0             0.1758      0.022      0.0549      0.5275      0.0      0.0      0.044      0.1538       0.022      0.9456      0.0169      0.0073      0.0       0.0012      0.0048      0.0206      0.0036      0.0      0.0      0.0039      0.0      0.0077      0.0       0.0026      0.0      0.9394      0.0465
53             0.2237        0.1733          3.7975           0.0225      0.2486        0.0383      0.349      0.3415      1.0             0.1848      0.0217      0.0761      0.5109      0.0      0.0      0.0435      0.1413       0.0217      0.9475      0.0167      0.0072      0.0       0.0012      0.0048      0.0191      0.0036      0.0      0.0      0.0037      0.0      0.0049      0.0       0.0024      0.0      0.9329      0.0561
54             0.2257        0.1766          3.8987           0.0221      0.2357        0.04      0.3553      0.3469      1.0             0.1771      0.0208      0.0625      0.5417      0.0      0.0      0.0417      0.1354       0.0208      0.9484      0.0164      0.007      0.0       0.0012      0.0047      0.0188      0.0035      0.0      0.0      0.0036      0.0      0.0048      0.0       0.0024      0.0      0.94      0.0492
55             0.2274        0.1791          3.9373           0.0221      0.2378        0.0342      0.3532      0.3528      1.0             0.1951      0.0244      0.0488      0.5      0.0      0.0      0.0488      0.1585       0.0244      0.9481      0.0165      0.0071      0.0       0.0012      0.0047      0.0189      0.0035      0.0      0.0      0.0035      0.0      0.0047      0.0       0.0024      0.0      0.9492      0.0401
56             0.232        0.1833          4.0414           0.0221      0.2366        0.0342      0.3511      0.3561      1.0             0.2073      0.0244      0.0366      0.5      0.0      0.0      0.0488      0.1585       0.0244      0.949      0.0166      0.0071      0.0       0.0012      0.0047      0.0178      0.0036      0.0      0.0      0.0035      0.0      0.0047      0.0       0.0023      0.0      0.9532      0.0363
57             0.2295        0.1812          4.0094           0.0221      0.2324        0.0367      0.3528      0.3561      1.0             0.1818      0.0227      0.0114      0.5682      0.0      0.0      0.0455      0.1477       0.0227      0.9504      0.0165      0.0071      0.0       0.0012      0.0047      0.0165      0.0035      0.0      0.0      0.0035      0.0      0.0047      0.0       0.0023      0.0      0.9649      0.0246
58             0.2295        0.1849          4.0341           0.0212      0.2324        0.0342      0.3503      0.3619      1.0             0.1951      0.0244      0.0      0.5488      0.0      0.0      0.0488      0.1585       0.0244      0.9501      0.0166      0.0071      0.0       0.0012      0.0048      0.0166      0.0036      0.0      0.0      0.0035      0.0      0.0046      0.0       0.0023      0.0      0.9758      0.0138
59             0.2303        0.1841          4.0755           0.0221      0.2162        0.0371      0.3528      0.3719      1.0             0.191      0.0225      0.0      0.573      0.0      0.0      0.0449      0.1461       0.0225      0.9481      0.0189      0.0071      0.0       0.0012      0.0047      0.0165      0.0035      0.0      0.0      0.0034      0.0      0.0045      0.0       0.0022      0.0      0.9832      0.0067
60             0.2295        0.1837          4.074           0.0221      0.2128        0.0333      0.3557      0.3761      1.0             0.2      0.025      0.0      0.5375      0.0      0.0      0.05      0.1625       0.025      0.9485      0.0187      0.007      0.0       0.0012      0.0047      0.0164      0.0035      0.0      0.0      0.0033      0.0      0.0044      0.0       0.0022      0.0      0.9867      0.0033
61             0.2366        0.1883          4.1559           0.0221      0.2012        0.0354      0.3586      0.3828      1.0             0.2      0.0235      0.0      0.5529      0.0      0.0      0.0471      0.1529       0.0235      0.9454      0.0186      0.007      0.0       0.0012      0.0046      0.0197      0.0035      0.0      0.0      0.0033      0.0      0.0044      0.0       0.0022      0.0      0.9891      0.0011
62             0.232        0.1874          4.1363           0.0217      0.1966        0.0333      0.3549      0.3936      1.0             0.2      0.025      0.0      0.5375      0.0      0.0      0.05      0.1625       0.025      0.9531      0.0164      0.0059      0.0       0.0012      0.0047      0.0153      0.0035      0.0      0.0      0.0032      0.0      0.0042      0.0       0.0021      0.0      0.9905      0.0
63             0.2357        0.1883          4.1396           0.0221      0.1887        0.0358      0.3561      0.3973      1.0             0.186      0.0233      0.0      0.5698      0.0      0.0      0.0465      0.1512       0.0233      0.952      0.0164      0.0047      0.0       0.0012      0.0047      0.0175      0.0035      0.0      0.0      0.0021      0.0      0.0042      0.0       0.0021      0.0      0.9916      0.0
64             0.2316        0.1874          4.1512           0.0221      0.1891        0.0337      0.3569      0.3982      1.0             0.1852      0.0247      0.0      0.5556      0.0      0.0      0.0494      0.1605       0.0247      0.951      0.0163      0.0047      0.0       0.0012      0.0047      0.0187      0.0035      0.0      0.0      0.001      0.0      0.0042      0.0       0.0021      0.0      0.9927      0.0
65             0.2378        0.1908          4.1909           0.0221      0.1753        0.0362      0.3607      0.4057      1.0             0.1954      0.023      0.0      0.5632      0.0      0.0      0.046      0.1494       0.023      0.9515      0.0162      0.0046      0.0       0.0012      0.0046      0.0185      0.0035      0.0      0.0      0.001      0.0      0.0041      0.0       0.0021      0.0      0.9928      0.0
66             0.2362        0.1883          4.1646           0.0221      0.1745        0.0383      0.3623      0.4027      1.0             0.1739      0.0217      0.0      0.5978      0.0      0.0      0.0435      0.1413       0.0217      0.9494      0.0184      0.0046      0.0       0.0011      0.0046      0.0184      0.0034      0.0      0.0      0.001      0.0      0.0041      0.0       0.0021      0.0      0.9928      0.0
67             0.2378        0.1916          4.1958           0.0233      0.1624        0.0354      0.3657      0.4132      1.0             0.1882      0.0235      0.0      0.5647      0.0      0.0      0.0471      0.1529       0.0235      0.9499      0.0182      0.0046      0.0       0.0011      0.0046      0.0182      0.0034      0.0      0.0      0.001      0.0      0.004      0.0       0.002      0.0      0.9929      0.0
68             0.237        0.1862          4.0764           0.0225      0.1616        0.0375      0.3599      0.4186      1.0             0.1889      0.0222      0.0      0.5778      0.0      0.0      0.0444      0.1444       0.0222      0.9456      0.0185      0.0046      0.0       0.0012      0.0046      0.022      0.0035      0.0      0.0      0.001      0.0      0.004      0.0       0.002      0.0      0.993      0.0
69             0.237        0.1908          4.1482           0.0221      0.1554        0.0383      0.3619      0.4223      1.0             0.1848      0.0217      0.0      0.587      0.0      0.0      0.0435      0.1413       0.0217      0.9482      0.0184      0.0046      0.0       0.0012      0.0046      0.0196      0.0035      0.0      0.0      0.001      0.0      0.0039      0.0       0.002      0.0      0.9931      0.0
70             0.2353        0.1899          4.1283           0.0217      0.1558        0.0392      0.3623      0.4211      1.0             0.1809      0.0213      0.0      0.5957      0.0      0.0      0.0426      0.1383       0.0213      0.9517      0.0184      0.0046      0.0       0.0011      0.0046      0.0161      0.0034      0.0      0.0      0.001      0.0      0.004      0.0       0.002      0.0      0.9931      0.0
71             0.2349        0.1916          4.2065           0.0212      0.1549        0.0379      0.3665      0.4194      1.0             0.1758      0.022      0.0      0.5934      0.0      0.0      0.044      0.1429       0.022      0.9523      0.0182      0.0045      0.0       0.0011      0.0045      0.0159      0.0034      0.0      0.0      0.001      0.0      0.004      0.0       0.002      0.0      0.993      0.0
72             0.2366        0.1933          4.2374           0.0212      0.1504        0.0383      0.3682      0.4219      1.0             0.1848      0.0217      0.0      0.587      0.0      0.0      0.0435      0.1413       0.0217      0.9525      0.0181      0.0045      0.0       0.0011      0.0045      0.0158      0.0034      0.0      0.0      0.001      0.0      0.0039      0.0       0.002      0.0      0.9931      0.0
73             0.237        0.1945          4.2426           0.0212      0.1479        0.0371      0.3715      0.4223      1.0             0.1685      0.0225      0.0      0.5955      0.0      0.0      0.0449      0.1461       0.0225      0.9529      0.0179      0.0045      0.0       0.0011      0.0045      0.0157      0.0034      0.0      0.0      0.001      0.0      0.0039      0.0       0.002      0.0      0.9931      0.0
74             0.2353        0.1912          4.1903           0.0212      0.1437        0.0358      0.3703      0.429      1.0             0.186      0.0233      0.0      0.5698      0.0      0.0      0.0465      0.1512       0.0233      0.9528      0.018      0.0045      0.0       0.0011      0.0045      0.0157      0.0034      0.0      0.0      0.001      0.0      0.0039      0.0       0.0019      0.0      0.9932      0.0
75             0.2399        0.192          4.2235           0.0212      0.137        0.0375      0.3723      0.4319      1.0             0.1889      0.0222      0.0      0.5444      0.0      0.0      0.0444      0.1778       0.0222      0.9553      0.0157      0.0045      0.0       0.0011      0.0045      0.0157      0.0034      0.0      0.0      0.001      0.0      0.0039      0.0       0.0019      0.0      0.9932      0.0
76             0.2382        0.1924          4.2599           0.0212      0.1333        0.0333      0.3719      0.4402      1.0             0.2      0.025      0.0      0.525      0.0      0.0      0.05      0.175       0.025      0.9496      0.0179      0.0045      0.0       0.0011      0.0045      0.019      0.0034      0.0      0.0      0.0009      0.0      0.0038      0.0       0.0019      0.0      0.9934      0.0
77             0.2382        0.192          4.2501           0.0212      0.1258        0.0354      0.3732      0.4444      1.0             0.2      0.0235      0.0      0.5529      0.0      0.0      0.0471      0.1529       0.0235      0.9554      0.0156      0.0045      0.0       0.0011      0.0045      0.0156      0.0033      0.0      0.0      0.0009      0.0      0.0037      0.0       0.0019      0.0      0.9934      0.0
78             0.237        0.192          4.2393           0.0212      0.1224        0.0354      0.3753      0.4456      1.0             0.2      0.0235      0.0      0.5529      0.0      0.0      0.0471      0.1529       0.0235      0.9501      0.0178      0.0044      0.0       0.0011      0.0044      0.0189      0.0033      0.0      0.0      0.0009      0.0      0.0037      0.0       0.0019      0.0      0.9935      0.0
79             0.2391        0.1958          4.279           0.0212      0.1154        0.0346      0.3757      0.4531      1.0             0.2048      0.0241      0.0      0.5422      0.0      0.0      0.0482      0.1566       0.0241      0.9534      0.0177      0.0044      0.0       0.0011      0.0044      0.0155      0.0033      0.0      0.0      0.0009      0.0      0.0037      0.0       0.0018      0.0      0.9936      0.0
80             0.2391        0.1949          4.3003           0.0212      0.115        0.0354      0.3736      0.4548      1.0             0.1765      0.0235      0.0      0.5765      0.0      0.0      0.0471      0.1529       0.0235      0.9554      0.0156      0.0045      0.0       0.0011      0.0045      0.0156      0.0033      0.0      0.0      0.0009      0.0      0.0037      0.0       0.0018      0.0      0.9936      0.0
81             0.2391        0.1962          4.3476           0.0212      0.1104        0.0354      0.3782      0.4548      1.0             0.1765      0.0235      0.0      0.5765      0.0      0.0      0.0471      0.1529       0.0235      0.957      0.0154      0.0044      0.0       0.0011      0.0044      0.0143      0.0033      0.0      0.0      0.0009      0.0      0.0037      0.0       0.0018      0.0      0.9936      0.0
82             0.2378        0.1962          4.3556           0.0212      0.1054        0.0337      0.3786      0.4611      1.0             0.1852      0.0247      0.0      0.5556      0.0      0.0      0.0494      0.1605       0.0247      0.9582      0.0154      0.0044      0.0       0.0011      0.0044      0.0132      0.0033      0.0      0.0      0.0009      0.0      0.0036      0.0       0.0018      0.0      0.9937      0.0
83             0.2387        0.1958          4.3318           0.0208      0.1016        0.0333      0.3815      0.4627      1.0             0.1875      0.025      0.0      0.55      0.0      0.0      0.05      0.1625       0.025      0.9541      0.0153      0.0044      0.0       0.0011      0.0044      0.0175      0.0033      0.0      0.0      0.0009      0.0      0.0036      0.0       0.0018      0.0      0.9937      0.0
84             0.2416        0.1974          4.3893           0.0204      0.097        0.0333      0.3811      0.4681      1.0             0.1875      0.025      0.0      0.55      0.0      0.0      0.05      0.1625       0.025      0.9541      0.0153      0.0044      0.0       0.0011      0.0044      0.0175      0.0033      0.0      0.0      0.0009      0.0      0.0036      0.0       0.0018      0.0      0.9938      0.0
85             0.2416        0.1991          4.3989           0.0196      0.095        0.0354      0.384      0.4661      1.0             0.1765      0.0235      0.0      0.5412      0.0      0.0      0.0471      0.1882       0.0235      0.9566      0.0152      0.0043      0.0       0.0011      0.0033      0.0163      0.0033      0.0      0.0      0.0009      0.0      0.0036      0.0       0.0018      0.0      0.9937      0.0
86             0.2411        0.1987          4.4           0.0196      0.0954        0.0354      0.3832      0.4665      1.0             0.1765      0.0235      0.0      0.5529      0.0      0.0      0.0471      0.1765       0.0235      0.9576      0.0152      0.0043      0.0       0.0011      0.0033      0.0152      0.0033      0.0      0.0      0.0009      0.0      0.0036      0.0       0.0018      0.0      0.9938      0.0
87             0.2411        0.1995          4.4062           0.0196      0.095        0.0337      0.3828      0.469      1.0             0.1852      0.0247      0.0      0.5309      0.0      0.0      0.0494      0.1852       0.0247      0.9576      0.0152      0.0044      0.0       0.0011      0.0033      0.0152      0.0033      0.0      0.0      0.0009      0.0      0.0036      0.0       0.0018      0.0      0.9938      0.0
88             0.242        0.1995          4.4361           0.0196      0.0879        0.0346      0.3811      0.4769      1.0             0.1807      0.0241      0.0      0.5422      0.0      0.0      0.0482      0.1807       0.0241      0.9585      0.0153      0.0044      0.0       0.0011      0.0033      0.0142      0.0033      0.0      0.0      0.0009      0.0      0.0035      0.0       0.0017      0.0      0.9939      0.0
89             0.2399        0.1995          4.4466           0.0196      0.0908        0.0337      0.3815      0.4744      1.0             0.1852      0.0247      0.0      0.5432      0.0      0.0      0.0494      0.1728       0.0247      0.9596      0.0153      0.0044      0.0       0.0011      0.0033      0.0131      0.0033      0.0      0.0      0.0009      0.0      0.0035      0.0       0.0018      0.0      0.9939      0.0
90             0.2403        0.2003          4.4355           0.0196      0.0891        0.0358      0.3828      0.4727      1.0             0.1744      0.0233      0.0      0.593      0.0      0.0      0.0465      0.1395       0.0233      0.9608      0.0152      0.0044      0.0       0.0011      0.0033      0.012      0.0033      0.0      0.0      0.0009      0.0      0.0035      0.0       0.0018      0.0      0.9938      0.0
91             0.2399        0.1995          4.3941           0.0196      0.087        0.035      0.3819      0.4765      1.0             0.1786      0.0238      0.0      0.5952      0.0      0.0      0.0476      0.131       0.0238      0.9618      0.0153      0.0044      0.0       0.0011      0.0033      0.0109      0.0033      0.0      0.0      0.0009      0.0      0.0035      0.0       0.0017      0.0      0.9939      0.0
92             0.2403        0.2012          4.4605           0.0196      0.087        0.0342      0.3811      0.4781      1.0             0.1829      0.0244      0.0      0.5854      0.0      0.0      0.0488      0.1341       0.0244      0.9617      0.0153      0.0044      0.0       0.0011      0.0033      0.0109      0.0033      0.0      0.0      0.0009      0.0      0.0035      0.0       0.0017      0.0      0.9939      0.0
93             0.2395        0.2012          4.4584           0.0196      0.087        0.0342      0.3819      0.4773      1.0             0.1829      0.0244      0.0      0.5854      0.0      0.0      0.0488      0.1341       0.0244      0.9618      0.0153      0.0044      0.0       0.0011      0.0033      0.0109      0.0033      0.0      0.0      0.0009      0.0      0.0035      0.0       0.0017      0.0      0.9939      0.0
94             0.2391        0.2003          4.4749           0.0192      0.087        0.0354      0.3828      0.4756      1.0             0.1765      0.0235      0.0      0.6      0.0      0.0      0.0471      0.1294       0.0235      0.9619      0.0152      0.0044      0.0       0.0011      0.0033      0.0109      0.0033      0.0      0.0      0.0009      0.0      0.0035      0.0       0.0018      0.0      0.9939      0.0
95             0.2374        0.1983          4.4431           0.0187      0.0854        0.0333      0.3823      0.4802      1.0             0.1875      0.025      0.0      0.5375      0.0      0.0      0.05      0.175       0.025      0.9619      0.0153      0.0044      0.0       0.0011      0.0033      0.0109      0.0033      0.0      0.0      0.0009      0.0      0.0035      0.0       0.0017      0.0      0.9939      0.0
96             0.2395        0.2024          4.47           0.0183      0.0825        0.0333      0.3823      0.4835      1.0             0.1875      0.025      0.0      0.55      0.0      0.0      0.05      0.1625       0.025      0.9619      0.0153      0.0044      0.0       0.0011      0.0033      0.0109      0.0033      0.0      0.0      0.0009      0.0      0.0034      0.0       0.0017      0.0      0.994      0.0
97             0.2391        0.2012          4.4775           0.0179      0.082        0.0325      0.384      0.4835      1.0             0.1923      0.0256      0.0      0.5385      0.0      0.0      0.0513      0.1667       0.0256      0.962      0.0152      0.0043      0.0       0.0011      0.0033      0.0108      0.0033      0.0      0.0      0.0009      0.0      0.0026      0.0       0.0017      0.0      0.9948      0.0
98             0.2399        0.2012          4.48           0.0179      0.0812        0.0329      0.3832      0.4848      1.0             0.1899      0.0253      0.0      0.5443      0.0      0.0      0.0506      0.1646       0.0253      0.9641      0.013      0.0043      0.0       0.0011      0.0033      0.0109      0.0033      0.0      0.0      0.0009      0.0      0.0026      0.0       0.0017      0.0      0.9948      0.0
99             0.2387        0.2016          4.4962           0.0179      0.082        0.0321      0.3844      0.4835      1.0             0.1948      0.026      0.0      0.5325      0.0      0.0      0.0519      0.1688       0.026      0.9642      0.013      0.0043      0.0       0.0011      0.0033      0.0108      0.0033      0.0      0.0      0.0009      0.0      0.0026      0.0       0.0017      0.0      0.9948      0.0
100             0.2399        0.2028          4.5283           0.0179      0.0808        0.0317      0.384      0.4856      1.0             0.1974      0.0263      0.0      0.5263      0.0      0.0      0.0526      0.1711       0.0263      0.9642      0.013      0.0043      0.0       0.0011      0.0033      0.0108      0.0033      0.0      0.0      0.0009      0.0      0.0026      0.0       0.0017      0.0      0.9949      0.0
101             0.2399        0.202          4.5015           0.0179      0.0779        0.0321      0.3832      0.489      1.0             0.1948      0.026      0.0      0.5325      0.0      0.0      0.0519      0.1688       0.026      0.9641      0.013      0.0043      0.0       0.0011      0.0033      0.0109      0.0033      0.0      0.0      0.0009      0.0      0.0026      0.0       0.0017      0.0      0.9949      0.0
102             0.2391        0.202          4.5122           0.0179      0.0754        0.03      0.384      0.4927      1.0             0.2083      0.0278      0.0      0.5      0.0      0.0      0.0556      0.1806       0.0278      0.9642      0.013      0.0043      0.0       0.0011      0.0033      0.0108      0.0033      0.0      0.0      0.0008      0.0      0.0025      0.0       0.0017      0.0      0.9949      0.0
103             0.242        0.2032          4.542           0.0179      0.0758        0.0296      0.3832      0.4935      1.0             0.2113      0.0282      0.0      0.4507      0.0      0.0      0.0563      0.2254       0.0282      0.9641      0.013      0.0043      0.0       0.0011      0.0033      0.0109      0.0033      0.0      0.0      0.0008      0.0      0.0025      0.0       0.0017      0.0      0.9949      0.0
104             0.2411        0.202          4.5299           0.0179      0.0729        0.0317      0.3836      0.494      1.0             0.1974      0.0263      0.0      0.5      0.0      0.0      0.0526      0.1974       0.0263      0.9642      0.013      0.0043      0.0       0.0011      0.0033      0.0109      0.0033      0.0      0.0      0.0008      0.0      0.0025      0.0       0.0017      0.0      0.9949      0.0
105             0.2411        0.202          4.5292           0.0179      0.0687        0.0321      0.3832      0.4981      1.0             0.1948      0.026      0.0      0.4675      0.0      0.0      0.0519      0.2338       0.026      0.9641      0.013      0.0043      0.0       0.0011      0.0033      0.0109      0.0033      0.0      0.0      0.0008      0.0      0.0025      0.0       0.0017      0.0      0.995      0.0
106             0.2403        0.2016          4.529           0.0179      0.0696        0.0317      0.3836      0.4973      1.0             0.1974      0.0263      0.0      0.4737      0.0      0.0      0.0526      0.2237       0.0263      0.9642      0.013      0.0043      0.0       0.0011      0.0033      0.0109      0.0033      0.0      0.0      0.0008      0.0      0.0025      0.0       0.0017      0.0      0.995      0.0
107             0.2424        0.2028          4.5333           0.0179      0.0675        0.0317      0.384      0.499      1.0             0.1974      0.0263      0.0      0.4737      0.0      0.0      0.0526      0.2237       0.0263      0.9642      0.013      0.0043      0.0       0.0011      0.0033      0.0108      0.0033      0.0      0.0      0.0008      0.0      0.0025      0.0       0.0017      0.0      0.995      0.0
108             0.2411        0.2024          4.5484           0.0179      0.0691        0.0296      0.384      0.4994      1.0             0.2113      0.0282      0.0      0.4366      0.0      0.0      0.0563      0.2394       0.0282      0.9642      0.013      0.0043      0.0       0.0011      0.0033      0.0108      0.0033      0.0      0.0      0.0008      0.0      0.0025      0.0       0.0017      0.0      0.995      0.0
109             0.242        0.2028          4.54           0.0179      0.0696        0.0304      0.3844      0.4977      1.0             0.2055      0.0274      0.0      0.4658      0.0      0.0      0.0548      0.2192       0.0274      0.9642      0.013      0.0043      0.0       0.0011      0.0033      0.0108      0.0033      0.0      0.0      0.0008      0.0      0.0025      0.0       0.0017      0.0      0.995      0.0
110             0.2424        0.2045          4.5601           0.0179      0.0683        0.0283      0.3844      0.501      1.0             0.2206      0.0294      0.0      0.4412      0.0      0.0      0.0588      0.2206       0.0294      0.9642      0.013      0.0043      0.0       0.0011      0.0033      0.0108      0.0033      0.0      0.0      0.0008      0.0      0.0025      0.0       0.0017      0.0      0.995      0.0
111             0.2436        0.2062          4.5958           0.0179      0.0666        0.0287      0.3844      0.5023      1.0             0.2174      0.029      0.0      0.4638      0.0      0.0      0.058      0.2029       0.029      0.9642      0.013      0.0043      0.0       0.0011      0.0033      0.0108      0.0033      0.0      0.0      0.0008      0.0      0.0025      0.0       0.0017      0.0      0.995      0.0
112             0.2395        0.2024          4.5419           0.0179      0.0662        0.03      0.384      0.5019      1.0             0.2083      0.0278      0.0      0.5      0.0      0.0      0.0556      0.1806       0.0278      0.9642      0.013      0.0043      0.0       0.0011      0.0033      0.0108      0.0033      0.0      0.0      0.0008      0.0      0.0025      0.0       0.0017      0.0      0.995      0.0
113             0.2399        0.2016          4.5383           0.0179      0.0666        0.0296      0.3828      0.5031      1.0             0.2113      0.0282      0.0      0.493      0.0      0.0      0.0563      0.1831       0.0282      0.9641      0.0131      0.0044      0.0       0.0011      0.0033      0.0109      0.0033      0.0      0.0      0.0008      0.0      0.0025      0.0       0.0017      0.0      0.995      0.0
114             0.2416        0.2037          4.5721           0.0179      0.0654        0.0308      0.3836      0.5023      1.0             0.2027      0.027      0.0      0.5135      0.0      0.0      0.0541      0.1757       0.027      0.9642      0.013      0.0043      0.0       0.0011      0.0033      0.0109      0.0033      0.0      0.0      0.0008      0.0      0.0025      0.0       0.0017      0.0      0.995      0.0
115             0.242        0.2032          4.5712           0.0179      0.0662        0.03      0.384      0.5019      1.0             0.2083      0.0278      0.0      0.5      0.0      0.0      0.0556      0.1806       0.0278      0.9642      0.013      0.0043      0.0       0.0011      0.0033      0.0108      0.0033      0.0      0.0      0.0008      0.0      0.0025      0.0       0.0017      0.0      0.995      0.0
116             0.2436        0.2049          4.5944           0.0179      0.0641        0.0292      0.384      0.5048      1.0             0.2143      0.0286      0.0      0.4429      0.0      0.0      0.0571      0.2286       0.0286      0.9642      0.013      0.0043      0.0       0.0011      0.0033      0.0108      0.0033      0.0      0.0      0.0008      0.0      0.0025      0.0       0.0017      0.0      0.995      0.0
117             0.2411        0.2028          4.5678           0.0179      0.0637        0.0283      0.384      0.506      1.0             0.2206      0.0294      0.0      0.4559      0.0      0.0      0.0588      0.2059       0.0294      0.9642      0.013      0.0043      0.0       0.0011      0.0033      0.0108      0.0033      0.0      0.0      0.0008      0.0      0.0025      0.0       0.0016      0.0      0.9951      0.0
118             0.2416        0.2045          4.5915           0.0179      0.0637        0.0275      0.384      0.5069      1.0             0.2273      0.0303      0.0      0.4545      0.0      0.0      0.0606      0.197       0.0303      0.9642      0.013      0.0043      0.0       0.0011      0.0033      0.0108      0.0033      0.0      0.0      0.0008      0.0      0.0025      0.0       0.0016      0.0      0.9951      0.0
119             0.2411        0.2045          4.6           0.0179      0.0629        0.0271      0.384      0.5081      1.0             0.2308      0.0308      0.0      0.4615      0.0      0.0      0.0615      0.1846       0.0308      0.9642      0.013      0.0043      0.0       0.0011      0.0033      0.0108      0.0033      0.0      0.0      0.0008      0.0      0.0025      0.0       0.0016      0.0      0.9951      0.0
120             0.2424        0.2057          4.6124           0.0179      0.065        0.0246      0.384      0.5085      1.0             0.2542      0.0339      0.0      0.4407      0.0      0.0      0.0678      0.1695       0.0339      0.9642      0.013      0.0043      0.0       0.0011      0.0033      0.0108      0.0033      0.0      0.0      0.0008      0.0      0.0025      0.0       0.0016      0.0      0.9951      0.0
121             0.2403        0.2045          4.6141           0.0179      0.0633        0.0246      0.384      0.5102      1.0             0.2542      0.0339      0.0      0.4746      0.0      0.0      0.0678      0.1356       0.0339      0.9642      0.013      0.0043      0.0       0.0011      0.0033      0.0108      0.0033      0.0      0.0      0.0008      0.0      0.0024      0.0       0.0016      0.0      0.9951      0.0
122             0.2403        0.2049          4.6225           0.0179      0.0637        0.0262      0.384      0.5081      1.0             0.2381      0.0317      0.0      0.5238      0.0      0.0      0.0635      0.1111       0.0317      0.9642      0.013      0.0043      0.0       0.0011      0.0033      0.0108      0.0033      0.0      0.0      0.0008      0.0      0.0025      0.0       0.0016      0.0      0.9951      0.0
123             0.2407        0.2049          4.6279           0.0179      0.065        0.025      0.3828      0.5094      1.0             0.25      0.0333      0.0      0.4833      0.0      0.0      0.0667      0.1333       0.0333      0.9641      0.0131      0.0044      0.0       0.0011      0.0033      0.0109      0.0033      0.0      0.0      0.0008      0.0      0.0025      0.0       0.0016      0.0      0.9951      0.0
124             0.2403        0.2053          4.6351           0.0179      0.0662        0.0237      0.3828      0.5094      1.0             0.2632      0.0351      0.0      0.4912      0.0      0.0      0.0702      0.1053       0.0351      0.9641      0.0131      0.0044      0.0       0.0011      0.0033      0.0109      0.0033      0.0      0.0      0.0008      0.0      0.0025      0.0       0.0016      0.0      0.9951      0.0
125             0.2395        0.2049          4.6309           0.0179      0.0646        0.025      0.384      0.5085      1.0             0.25      0.0333      0.0      0.5333      0.0      0.0      0.0667      0.0833       0.0333      0.9642      0.013      0.0043      0.0       0.0011      0.0033      0.0108      0.0033      0.0      0.0      0.0008      0.0      0.0025      0.0       0.0016      0.0      0.9951      0.0
126             0.2403        0.2066          4.634           0.0179      0.0675        0.0229      0.3828      0.509      1.0             0.2727      0.0364      0.0      0.4909      0.0      0.0      0.0727      0.0909       0.0364      0.9641      0.0131      0.0044      0.0       0.0011      0.0033      0.0109      0.0033      0.0      0.0      0.0008      0.0      0.0025      0.0       0.0016      0.0      0.9951      0.0
127             0.2391        0.2041          4.6088           0.0179      0.0666        0.0237      0.3836      0.5081      1.0             0.2632      0.0351      0.0      0.5088      0.0      0.0      0.0702      0.0877       0.0351      0.9642      0.013      0.0043      0.0       0.0011      0.0033      0.0109      0.0033      0.0      0.0      0.0008      0.0      0.0025      0.0       0.0016      0.0      0.9951      0.0
128             0.2424        0.2057          4.635           0.0179      0.0637        0.0242      0.3836      0.5106      1.0             0.2586      0.0345      0.0      0.4483      0.0      0.0      0.069      0.1552       0.0345      0.9653      0.013      0.0043      0.0       0.0011      0.0033      0.0098      0.0033      0.0      0.0      0.0008      0.0      0.0024      0.0       0.0016      0.0      0.9951      0.0
129             0.2399        0.2053          4.6369           0.0179      0.0654        0.0246      0.3832      0.509      1.0             0.2542      0.0339      0.0      0.4576      0.0      0.0      0.0678      0.1525       0.0339      0.9663      0.013      0.0043      0.0       0.0011      0.0033      0.0087      0.0033      0.0      0.0      0.0008      0.0      0.0025      0.0       0.0016      0.0      0.9951      0.0
130             0.2399        0.2045          4.6168           0.0179      0.0679        0.0225      0.3828      0.509      1.0             0.2778      0.037      0.0      0.4074      0.0      0.0      0.0741      0.1667       0.037      0.9663      0.0131      0.0044      0.0       0.0011      0.0033      0.0087      0.0033      0.0      0.0      0.0008      0.0      0.0025      0.0       0.0016      0.0      0.9951      0.0
131             0.2403        0.2049          4.6206           0.0179      0.0654        0.0225      0.384      0.5102      1.0             0.2778      0.037      0.0      0.4074      0.0      0.0      0.0741      0.1667       0.037      0.9664      0.013      0.0043      0.0       0.0011      0.0033      0.0087      0.0033      0.0      0.0      0.0008      0.0      0.0024      0.0       0.0016      0.0      0.9951      0.0
132             0.2391        0.2045          4.614           0.0179      0.0662        0.0217      0.3832      0.511      1.0             0.2885      0.0385      0.0      0.3846      0.0      0.0      0.0769      0.1731       0.0385      0.9663      0.013      0.0043      0.0       0.0011      0.0033      0.0087      0.0033      0.0      0.0      0.0008      0.0      0.0024      0.0       0.0016      0.0      0.9951      0.0
133             0.2407        0.2062          4.6299           0.0179      0.0675        0.0212      0.3832      0.5102      1.0             0.2941      0.0392      0.0      0.3725      0.0      0.0      0.0784      0.1765       0.0392      0.9663      0.013      0.0043      0.0       0.0011      0.0033      0.0087      0.0033      0.0      0.0      0.0008      0.0      0.0024      0.0       0.0016      0.0      0.9951      0.0
134             0.2399        0.2053          4.6259           0.0179      0.0666        0.0217      0.3823      0.5115      1.0             0.2885      0.0385      0.0      0.3846      0.0      0.0      0.0769      0.1731       0.0385      0.9662      0.0131      0.0044      0.0       0.0011      0.0033      0.0087      0.0033      0.0      0.0      0.0008      0.0      0.0024      0.0       0.0016      0.0      0.9951      0.0
135             0.2411        0.2066          4.6388           0.0179      0.0679        0.0204      0.3832      0.5106      1.0             0.3061      0.0408      0.0      0.3469      0.0      0.0      0.0816      0.1837       0.0408      0.9663      0.013      0.0043      0.0       0.0011      0.0033      0.0087      0.0033      0.0      0.0      0.0008      0.0      0.0024      0.0       0.0016      0.0      0.9951      0.0
136             0.2411        0.2057          4.6443           0.0179      0.0654        0.0217      0.3832      0.5119      1.0             0.2885      0.0385      0.0      0.3846      0.0      0.0      0.0769      0.1731       0.0385      0.9663      0.013      0.0043      0.0       0.0011      0.0033      0.0087      0.0033      0.0      0.0      0.0008      0.0      0.0024      0.0       0.0016      0.0      0.9951      0.0
137             0.2407        0.2062          4.6275           0.0179      0.0662        0.0208      0.3832      0.5119      1.0             0.3      0.04      0.0      0.36      0.0      0.0      0.08      0.18       0.04      0.9663      0.013      0.0043      0.0       0.0011      0.0033      0.0087      0.0033      0.0      0.0      0.0008      0.0      0.0024      0.0       0.0016      0.0      0.9951      0.0
138             0.2403        0.2057          4.6322           0.0179      0.0696        0.0217      0.3823      0.5085      1.0             0.2885      0.0385      0.0      0.3846      0.0      0.0      0.0769      0.1731       0.0385      0.9662      0.0131      0.0044      0.0       0.0011      0.0033      0.0087      0.0033      0.0      0.0      0.0008      0.0      0.0025      0.0       0.0016      0.0      0.9951      0.0
139             0.2411        0.2057          4.6244           0.0179      0.0683        0.0225      0.3832      0.5081      1.0             0.2778      0.037      0.0      0.4074      0.0      0.0      0.0741      0.1667       0.037      0.9663      0.013      0.0043      0.0       0.0011      0.0033      0.0087      0.0033      0.0      0.0      0.0008      0.0      0.0025      0.0       0.0016      0.0      0.9951      0.0
140             0.2391        0.2045          4.6263           0.0179      0.0675        0.0212      0.3828      0.5106      1.0             0.2941      0.0392      0.0      0.3725      0.0      0.0      0.0784      0.1765       0.0392      0.9663      0.0131      0.0044      0.0       0.0011      0.0033      0.0087      0.0033      0.0      0.0      0.0008      0.0      0.0024      0.0       0.0016      0.0      0.9951      0.0
141             0.2407        0.2062          4.6386           0.0179      0.0646        0.0221      0.3832      0.5123      1.0             0.283      0.0377      0.0      0.3962      0.0      0.0      0.0755      0.1698       0.0377      0.9663      0.013      0.0043      0.0       0.0011      0.0033      0.0087      0.0033      0.0      0.0      0.0008      0.0      0.0024      0.0       0.0016      0.0      0.9951      0.0
142             0.2411        0.2066          4.634           0.0179      0.0658        0.0225      0.3832      0.5106      1.0             0.2778      0.037      0.0      0.4074      0.0      0.0      0.0741      0.1667       0.037      0.9663      0.013      0.0043      0.0       0.0011      0.0033      0.0087      0.0033      0.0      0.0      0.0008      0.0      0.0024      0.0       0.0016      0.0      0.9951      0.0
143             0.2411        0.2066          4.6381           0.0179      0.0666        0.0229      0.3832      0.5094      1.0             0.2727      0.0364      0.0      0.4182      0.0      0.0      0.0727      0.1636       0.0364      0.9663      0.013      0.0043      0.0       0.0011      0.0033      0.0087      0.0033      0.0      0.0      0.0008      0.0      0.0025      0.0       0.0016      0.0      0.9951      0.0
144             0.2395        0.2049          4.6278           0.0179      0.0704        0.0229      0.3803      0.5085      1.0             0.2727      0.0364      0.0      0.4182      0.0      0.0      0.0727      0.1636       0.0364      0.966      0.0131      0.0044      0.0       0.0011      0.0033      0.0088      0.0033      0.0      0.0      0.0008      0.0      0.0025      0.0       0.0016      0.0      0.9951      0.0
145             0.2395        0.2053          4.6351           0.0179      0.0675        0.0217      0.3832      0.5098      1.0             0.2885      0.0385      0.0      0.4038      0.0      0.0      0.0769      0.1538       0.0385      0.9663      0.013      0.0043      0.0       0.0011      0.0033      0.0087      0.0033      0.0      0.0      0.0008      0.0      0.0025      0.0       0.0016      0.0      0.9951      0.0
146             0.2399        0.2053          4.638           0.0179      0.0687        0.0212      0.3819      0.5102      1.0             0.2941      0.0392      0.0      0.4118      0.0      0.0      0.0784      0.1373       0.0392      0.9662      0.0131      0.0044      0.0       0.0011      0.0033      0.0087      0.0033      0.0      0.0      0.0008      0.0      0.0024      0.0       0.0016      0.0      0.9951      0.0
147             0.2395        0.2057          4.6389           0.0179      0.07        0.0212      0.3819      0.509      1.0             0.2941      0.0392      0.0      0.4118      0.0      0.0      0.0784      0.1373       0.0392      0.9662      0.0131      0.0044      0.0       0.0011      0.0033      0.0087      0.0033      0.0      0.0      0.0008      0.0      0.0025      0.0       0.0016      0.0      0.9951      0.0
148             0.2391        0.2041          4.6432           0.0179      0.0671        0.0212      0.3832      0.5106      1.0             0.2941      0.0392      0.0      0.4118      0.0      0.0      0.0784      0.1373       0.0392      0.9663      0.013      0.0043      0.0       0.0011      0.0033      0.0087      0.0033      0.0      0.0      0.0008      0.0      0.0024      0.0       0.0016      0.0      0.9951      0.0
149             0.2416        0.2066          4.6432           0.0179      0.0646        0.0208      0.3861      0.5106      1.0             0.3      0.04      0.0      0.4      0.0      0.0      0.08      0.14       0.04      0.9666      0.0129      0.0043      0.0       0.0011      0.0032      0.0086      0.0032      0.0      0.0      0.0008      0.0      0.0024      0.0       0.0016      0.0      0.9951      0.0
