#num_of_iter: 50
#num_of_exper: 20
#rows: 51
#columns: 51
#p_init_C: 0.5
#p_state_mut: 0.00
#p_strat_mut: 0.00
#p_0_neighb: 0.4
#p_1_neighb: 0.0
#prob_fix_strat: 0.00
#comp_type: loc_tourn
#p_strat_mut_type: default
#strat_mut_val: n
#sharing: n
#allC: 0.50
#allD: 0.50
#kD: 0.00
#kC: 0.00
#kDC: 0.00
#k: range
#k_values: 0 to 8
#synchronity_prob: 1.00
#optimal_num_of_1s: 676
#playerC_opponentD_payoff: 1.0
#playerC_opponentC_payoff: -1.0
#playerD_opponentD_rew: 1.0
#playerD_opponentD_pen: -1.0
#playerD_opponentC_rew: 1.0
#playerD_opponentC_pen: -1.0
#debug: n
#
#iter        av_f_C       std_f_C   av_f_C_corr  std_f_C_corr     av_av_sum    std_av_sum     av_f_allC    std_f_allC     av_f_allD    std_f_allD       av_f_kD      std_f_kD       av_f_kC      std_f_kC      av_f_kDC     std_f_kDC  av_f_strat_ch   std_f_strat_ch       av_f_0D      std_f_0D       av_f_1D      std_f_1D       av_f_2D      std_f_2D       av_f_3D      std_f_3D       av_f_4D      std_f_4D       av_f_5D      std_f_5D       av_f_6D      std_f_6D       av_f_7D      std_f_7D       av_f_8D      std_f_8D       av_f_0C      stC_f_0C       av_f_1C      stC_f_1C       av_f_2C      stC_f_2C       av_f_3C      stC_f_3C       av_f_4C      stC_f_4C       av_f_5C      stC_f_5C       av_f_6C      stC_f_6C       av_f_7C      stC_f_7C       av_f_8C      std_f_8C      av_f_0DC    stDC_f_0DC      av_f_1DC    stDC_f_1DC      av_f_2DC    stDC_f_2DC      av_f_3DC    stDC_f_3DC      av_f_4DC    stDC_f_4DC      av_f_5DC    stDC_f_5DC      av_f_6DC    stDC_f_6DC      av_f_7DC    stDC_f_7DC      av_f_8DC    stDC_f_8DC  
 0           0.5003        0.0082         0.011        0.0034         0.177        0.0138         0.499        0.0105         0.501        0.0105           0.0           0.0           0.0           0.0           0.0           0.0           0.0            0.0           0.0           0.0           0.0           0.0           0.0           0.0           0.0           0.0           0.0           0.0           0.0           0.0           0.0           0.0           0.0           0.0           0.0           0.0           0.0           0.0           0.0           0.0           0.0           0.0           0.0           0.0           0.0           0.0           0.0           0.0           0.0           0.0           0.0           0.0           0.0           0.0           0.0           0.0           0.0           0.0           0.0           0.0           0.0           0.0           0.0           0.0           0.0           0.0           0.0           0.0           0.0           0.0           0.0           0.0  
 1           0.4995        0.0105         0.012        0.0051        0.1785        0.0176         0.497        0.0205         0.503        0.0205           0.0           0.0           0.0           0.0           0.0           0.0        0.8014         0.0073           0.0           0.0           0.0           0.0           0.0           0.0           0.0           0.0           0.0           0.0           0.0           0.0           0.0           0.0           0.0           0.0           0.0           0.0           0.0           0.0           0.0           0.0           0.0           0.0           0.0           0.0           0.0           0.0           0.0           0.0           0.0           0.0           0.0           0.0           0.0           0.0           0.0           0.0           0.0           0.0           0.0           0.0           0.0           0.0           0.0           0.0           0.0           0.0           0.0           0.0           0.0           0.0           0.0           0.0  
 2           0.4982        0.0204        0.0098        0.0045       -0.0635        0.0245        0.3785        0.0233        0.6215        0.0233           0.0           0.0           0.0           0.0           0.0           0.0        0.8018          0.008           0.0           0.0           0.0           0.0           0.0           0.0           0.0           0.0           0.0           0.0           0.0           0.0           0.0           0.0           0.0           0.0           0.0           0.0           0.0           0.0           0.0           0.0           0.0           0.0           0.0           0.0           0.0           0.0           0.0           0.0           0.0           0.0           0.0           0.0           0.0           0.0           0.0           0.0           0.0           0.0           0.0           0.0           0.0           0.0           0.0           0.0           0.0           0.0           0.0           0.0           0.0           0.0           0.0           0.0  
 3            0.403        0.0216        0.0328         0.009       -0.0321         0.025        0.2298        0.0245        0.7702        0.0245           0.0           0.0           0.0           0.0           0.0           0.0        0.8285         0.0054           0.0           0.0           0.0           0.0           0.0           0.0           0.0           0.0           0.0           0.0           0.0           0.0           0.0           0.0           0.0           0.0           0.0           0.0           0.0           0.0           0.0           0.0           0.0           0.0           0.0           0.0           0.0           0.0           0.0           0.0           0.0           0.0           0.0           0.0           0.0           0.0           0.0           0.0           0.0           0.0           0.0           0.0           0.0           0.0           0.0           0.0           0.0           0.0           0.0           0.0           0.0           0.0           0.0           0.0  
 4           0.2773        0.0202        0.0494        0.0112       -0.0541        0.0367        0.1251        0.0186        0.8749        0.0186           0.0           0.0           0.0           0.0           0.0           0.0        0.8216         0.0071           0.0           0.0           0.0           0.0           0.0           0.0           0.0           0.0           0.0           0.0           0.0           0.0           0.0           0.0           0.0           0.0           0.0           0.0           0.0           0.0           0.0           0.0           0.0           0.0           0.0           0.0           0.0           0.0           0.0           0.0           0.0           0.0           0.0           0.0           0.0           0.0           0.0           0.0           0.0           0.0           0.0           0.0           0.0           0.0           0.0           0.0           0.0           0.0           0.0           0.0           0.0           0.0           0.0           0.0  
 5           0.2121        0.0145         0.068        0.0117       -0.0877        0.0375        0.0693        0.0158        0.9307        0.0158           0.0           0.0           0.0           0.0           0.0           0.0        0.7954         0.0111           0.0           0.0           0.0           0.0           0.0           0.0           0.0           0.0           0.0           0.0           0.0           0.0           0.0           0.0           0.0           0.0           0.0           0.0           0.0           0.0           0.0           0.0           0.0           0.0           0.0           0.0           0.0           0.0           0.0           0.0           0.0           0.0           0.0           0.0           0.0           0.0           0.0           0.0           0.0           0.0           0.0           0.0           0.0           0.0           0.0           0.0           0.0           0.0           0.0           0.0           0.0           0.0           0.0           0.0  
 6           0.1826        0.0154        0.0629        0.0092       -0.1445        0.0508        0.0441        0.0125        0.9559        0.0125           0.0           0.0           0.0           0.0           0.0           0.0        0.7823         0.0142           0.0           0.0           0.0           0.0           0.0           0.0           0.0           0.0           0.0           0.0           0.0           0.0           0.0           0.0           0.0           0.0           0.0           0.0           0.0           0.0           0.0           0.0           0.0           0.0           0.0           0.0           0.0           0.0           0.0           0.0           0.0           0.0           0.0           0.0           0.0           0.0           0.0           0.0           0.0           0.0           0.0           0.0           0.0           0.0           0.0           0.0           0.0           0.0           0.0           0.0           0.0           0.0           0.0           0.0  
 7           0.1805        0.0129        0.0666        0.0108       -0.1409        0.0524        0.0332        0.0102        0.9668        0.0102           0.0           0.0           0.0           0.0           0.0           0.0         0.753         0.0181           0.0           0.0           0.0           0.0           0.0           0.0           0.0           0.0           0.0           0.0           0.0           0.0           0.0           0.0           0.0           0.0           0.0           0.0           0.0           0.0           0.0           0.0           0.0           0.0           0.0           0.0           0.0           0.0           0.0           0.0           0.0           0.0           0.0           0.0           0.0           0.0           0.0           0.0           0.0           0.0           0.0           0.0           0.0           0.0           0.0           0.0           0.0           0.0           0.0           0.0           0.0           0.0           0.0           0.0  
 8           0.1666         0.015        0.0643        0.0095       -0.2068        0.0531        0.0255        0.0091        0.9745        0.0091           0.0           0.0           0.0           0.0           0.0           0.0        0.7515         0.0162           0.0           0.0           0.0           0.0           0.0           0.0           0.0           0.0           0.0           0.0           0.0           0.0           0.0           0.0           0.0           0.0           0.0           0.0           0.0           0.0           0.0           0.0           0.0           0.0           0.0           0.0           0.0           0.0           0.0           0.0           0.0           0.0           0.0           0.0           0.0           0.0           0.0           0.0           0.0           0.0           0.0           0.0           0.0           0.0           0.0           0.0           0.0           0.0           0.0           0.0           0.0           0.0           0.0           0.0  
 9           0.1798        0.0156        0.0579        0.0092       -0.1711         0.049        0.0181        0.0079        0.9819        0.0079           0.0           0.0           0.0           0.0           0.0           0.0        0.7243         0.0185           0.0           0.0           0.0           0.0           0.0           0.0           0.0           0.0           0.0           0.0           0.0           0.0           0.0           0.0           0.0           0.0           0.0           0.0           0.0           0.0           0.0           0.0           0.0           0.0           0.0           0.0           0.0           0.0           0.0           0.0           0.0           0.0           0.0           0.0           0.0           0.0           0.0           0.0           0.0           0.0           0.0           0.0           0.0           0.0           0.0           0.0           0.0           0.0           0.0           0.0           0.0           0.0           0.0           0.0  
 10          0.1631        0.0167        0.0605        0.0071       -0.2372        0.0689         0.013        0.0062         0.987        0.0062           0.0           0.0           0.0           0.0           0.0           0.0        0.7346         0.0146           0.0           0.0           0.0           0.0           0.0           0.0           0.0           0.0           0.0           0.0           0.0           0.0           0.0           0.0           0.0           0.0           0.0           0.0           0.0           0.0           0.0           0.0           0.0           0.0           0.0           0.0           0.0           0.0           0.0           0.0           0.0           0.0           0.0           0.0           0.0           0.0           0.0           0.0           0.0           0.0           0.0           0.0           0.0           0.0           0.0           0.0           0.0           0.0           0.0           0.0           0.0           0.0           0.0           0.0  
 11          0.1706        0.0197        0.0573        0.0068       -0.2126        0.0666        0.0097        0.0039        0.9903        0.0039           0.0           0.0           0.0           0.0           0.0           0.0        0.7104         0.0233           0.0           0.0           0.0           0.0           0.0           0.0           0.0           0.0           0.0           0.0           0.0           0.0           0.0           0.0           0.0           0.0           0.0           0.0           0.0           0.0           0.0           0.0           0.0           0.0           0.0           0.0           0.0           0.0           0.0           0.0           0.0           0.0           0.0           0.0           0.0           0.0           0.0           0.0           0.0           0.0           0.0           0.0           0.0           0.0           0.0           0.0           0.0           0.0           0.0           0.0           0.0           0.0           0.0           0.0  
 12          0.1631        0.0188        0.0517        0.0081       -0.2581        0.0766        0.0078        0.0042        0.9922        0.0042           0.0           0.0           0.0           0.0           0.0           0.0        0.7146         0.0224           0.0           0.0           0.0           0.0           0.0           0.0           0.0           0.0           0.0           0.0           0.0           0.0           0.0           0.0           0.0           0.0           0.0           0.0           0.0           0.0           0.0           0.0           0.0           0.0           0.0           0.0           0.0           0.0           0.0           0.0           0.0           0.0           0.0           0.0           0.0           0.0           0.0           0.0           0.0           0.0           0.0           0.0           0.0           0.0           0.0           0.0           0.0           0.0           0.0           0.0           0.0           0.0           0.0           0.0  
 13          0.1737        0.0181        0.0532        0.0083       -0.2273         0.068        0.0076        0.0048        0.9924        0.0048           0.0           0.0           0.0           0.0           0.0           0.0        0.6932         0.0285           0.0           0.0           0.0           0.0           0.0           0.0           0.0           0.0           0.0           0.0           0.0           0.0           0.0           0.0           0.0           0.0           0.0           0.0           0.0           0.0           0.0           0.0           0.0           0.0           0.0           0.0           0.0           0.0           0.0           0.0           0.0           0.0           0.0           0.0           0.0           0.0           0.0           0.0           0.0           0.0           0.0           0.0           0.0           0.0           0.0           0.0           0.0           0.0           0.0           0.0           0.0           0.0           0.0           0.0  
 14          0.1641        0.0193        0.0503        0.0085       -0.2769        0.0757        0.0065        0.0035        0.9935        0.0035           0.0           0.0           0.0           0.0           0.0           0.0        0.7051         0.0256           0.0           0.0           0.0           0.0           0.0           0.0           0.0           0.0           0.0           0.0           0.0           0.0           0.0           0.0           0.0           0.0           0.0           0.0           0.0           0.0           0.0           0.0           0.0           0.0           0.0           0.0           0.0           0.0           0.0           0.0           0.0           0.0           0.0           0.0           0.0           0.0           0.0           0.0           0.0           0.0           0.0           0.0           0.0           0.0           0.0           0.0           0.0           0.0           0.0           0.0           0.0           0.0           0.0           0.0  
 15           0.175        0.0212        0.0513        0.0085       -0.2358        0.0722        0.0059        0.0032        0.9941        0.0032           0.0           0.0           0.0           0.0           0.0           0.0         0.683         0.0305           0.0           0.0           0.0           0.0           0.0           0.0           0.0           0.0           0.0           0.0           0.0           0.0           0.0           0.0           0.0           0.0           0.0           0.0           0.0           0.0           0.0           0.0           0.0           0.0           0.0           0.0           0.0           0.0           0.0           0.0           0.0           0.0           0.0           0.0           0.0           0.0           0.0           0.0           0.0           0.0           0.0           0.0           0.0           0.0           0.0           0.0           0.0           0.0           0.0           0.0           0.0           0.0           0.0           0.0  
 16          0.1633        0.0188        0.0504        0.0094       -0.2838         0.077        0.0055        0.0029        0.9945        0.0029           0.0           0.0           0.0           0.0           0.0           0.0        0.6966         0.0317           0.0           0.0           0.0           0.0           0.0           0.0           0.0           0.0           0.0           0.0           0.0           0.0           0.0           0.0           0.0           0.0           0.0           0.0           0.0           0.0           0.0           0.0           0.0           0.0           0.0           0.0           0.0           0.0           0.0           0.0           0.0           0.0           0.0           0.0           0.0           0.0           0.0           0.0           0.0           0.0           0.0           0.0           0.0           0.0           0.0           0.0           0.0           0.0           0.0           0.0           0.0           0.0           0.0           0.0  
 17          0.1758        0.0178        0.0468        0.0087       -0.2414        0.0697        0.0053        0.0031        0.9947        0.0031           0.0           0.0           0.0           0.0           0.0           0.0        0.6746         0.0298           0.0           0.0           0.0           0.0           0.0           0.0           0.0           0.0           0.0           0.0           0.0           0.0           0.0           0.0           0.0           0.0           0.0           0.0           0.0           0.0           0.0           0.0           0.0           0.0           0.0           0.0           0.0           0.0           0.0           0.0           0.0           0.0           0.0           0.0           0.0           0.0           0.0           0.0           0.0           0.0           0.0           0.0           0.0           0.0           0.0           0.0           0.0           0.0           0.0           0.0           0.0           0.0           0.0           0.0  
 18          0.1652        0.0179        0.0504        0.0079       -0.2866        0.0692        0.0051         0.003        0.9949         0.003           0.0           0.0           0.0           0.0           0.0           0.0        0.6845         0.0283           0.0           0.0           0.0           0.0           0.0           0.0           0.0           0.0           0.0           0.0           0.0           0.0           0.0           0.0           0.0           0.0           0.0           0.0           0.0           0.0           0.0           0.0           0.0           0.0           0.0           0.0           0.0           0.0           0.0           0.0           0.0           0.0           0.0           0.0           0.0           0.0           0.0           0.0           0.0           0.0           0.0           0.0           0.0           0.0           0.0           0.0           0.0           0.0           0.0           0.0           0.0           0.0           0.0           0.0  
 19          0.1743        0.0195        0.0541        0.0083       -0.2484        0.0759        0.0043        0.0024        0.9957        0.0024           0.0           0.0           0.0           0.0           0.0           0.0        0.6716          0.031           0.0           0.0           0.0           0.0           0.0           0.0           0.0           0.0           0.0           0.0           0.0           0.0           0.0           0.0           0.0           0.0           0.0           0.0           0.0           0.0           0.0           0.0           0.0           0.0           0.0           0.0           0.0           0.0           0.0           0.0           0.0           0.0           0.0           0.0           0.0           0.0           0.0           0.0           0.0           0.0           0.0           0.0           0.0           0.0           0.0           0.0           0.0           0.0           0.0           0.0           0.0           0.0           0.0           0.0  
 20          0.1655        0.0191        0.0472        0.0066       -0.2877        0.0779        0.0037        0.0022        0.9963        0.0022           0.0           0.0           0.0           0.0           0.0           0.0        0.6834         0.0294           0.0           0.0           0.0           0.0           0.0           0.0           0.0           0.0           0.0           0.0           0.0           0.0           0.0           0.0           0.0           0.0           0.0           0.0           0.0           0.0           0.0           0.0           0.0           0.0           0.0           0.0           0.0           0.0           0.0           0.0           0.0           0.0           0.0           0.0           0.0           0.0           0.0           0.0           0.0           0.0           0.0           0.0           0.0           0.0           0.0           0.0           0.0           0.0           0.0           0.0           0.0           0.0           0.0           0.0  
 21          0.1721        0.0197        0.0534        0.0096       -0.2511        0.0844        0.0044         0.003        0.9956         0.003           0.0           0.0           0.0           0.0           0.0           0.0        0.6642          0.031           0.0           0.0           0.0           0.0           0.0           0.0           0.0           0.0           0.0           0.0           0.0           0.0           0.0           0.0           0.0           0.0           0.0           0.0           0.0           0.0           0.0           0.0           0.0           0.0           0.0           0.0           0.0           0.0           0.0           0.0           0.0           0.0           0.0           0.0           0.0           0.0           0.0           0.0           0.0           0.0           0.0           0.0           0.0           0.0           0.0           0.0           0.0           0.0           0.0           0.0           0.0           0.0           0.0           0.0  
 22          0.1643         0.023        0.0513          0.01        -0.294        0.0775        0.0045        0.0027        0.9955        0.0027           0.0           0.0           0.0           0.0           0.0           0.0        0.6739         0.0339           0.0           0.0           0.0           0.0           0.0           0.0           0.0           0.0           0.0           0.0           0.0           0.0           0.0           0.0           0.0           0.0           0.0           0.0           0.0           0.0           0.0           0.0           0.0           0.0           0.0           0.0           0.0           0.0           0.0           0.0           0.0           0.0           0.0           0.0           0.0           0.0           0.0           0.0           0.0           0.0           0.0           0.0           0.0           0.0           0.0           0.0           0.0           0.0           0.0           0.0           0.0           0.0           0.0           0.0  
 23          0.1764        0.0227        0.0464        0.0082       -0.2464        0.0826        0.0047        0.0024        0.9953        0.0024           0.0           0.0           0.0           0.0           0.0           0.0        0.6625         0.0317           0.0           0.0           0.0           0.0           0.0           0.0           0.0           0.0           0.0           0.0           0.0           0.0           0.0           0.0           0.0           0.0           0.0           0.0           0.0           0.0           0.0           0.0           0.0           0.0           0.0           0.0           0.0           0.0           0.0           0.0           0.0           0.0           0.0           0.0           0.0           0.0           0.0           0.0           0.0           0.0           0.0           0.0           0.0           0.0           0.0           0.0           0.0           0.0           0.0           0.0           0.0           0.0           0.0           0.0  
 24          0.1626        0.0233        0.0501        0.0083       -0.3006        0.0868        0.0048        0.0026        0.9952        0.0026           0.0           0.0           0.0           0.0           0.0           0.0        0.6775         0.0322           0.0           0.0           0.0           0.0           0.0           0.0           0.0           0.0           0.0           0.0           0.0           0.0           0.0           0.0           0.0           0.0           0.0           0.0           0.0           0.0           0.0           0.0           0.0           0.0           0.0           0.0           0.0           0.0           0.0           0.0           0.0           0.0           0.0           0.0           0.0           0.0           0.0           0.0           0.0           0.0           0.0           0.0           0.0           0.0           0.0           0.0           0.0           0.0           0.0           0.0           0.0           0.0           0.0           0.0  
 25          0.1773        0.0198        0.0516        0.0084       -0.2376        0.0945         0.004         0.002         0.996         0.002           0.0           0.0           0.0           0.0           0.0           0.0        0.6588         0.0381           0.0           0.0           0.0           0.0           0.0           0.0           0.0           0.0           0.0           0.0           0.0           0.0           0.0           0.0           0.0           0.0           0.0           0.0           0.0           0.0           0.0           0.0           0.0           0.0           0.0           0.0           0.0           0.0           0.0           0.0           0.0           0.0           0.0           0.0           0.0           0.0           0.0           0.0           0.0           0.0           0.0           0.0           0.0           0.0           0.0           0.0           0.0           0.0           0.0           0.0           0.0           0.0           0.0           0.0  
 26          0.1638        0.0241         0.048        0.0126        -0.307         0.085        0.0039        0.0022        0.9961        0.0022           0.0           0.0           0.0           0.0           0.0           0.0        0.6797         0.0342           0.0           0.0           0.0           0.0           0.0           0.0           0.0           0.0           0.0           0.0           0.0           0.0           0.0           0.0           0.0           0.0           0.0           0.0           0.0           0.0           0.0           0.0           0.0           0.0           0.0           0.0           0.0           0.0           0.0           0.0           0.0           0.0           0.0           0.0           0.0           0.0           0.0           0.0           0.0           0.0           0.0           0.0           0.0           0.0           0.0           0.0           0.0           0.0           0.0           0.0           0.0           0.0           0.0           0.0  
 27          0.1799         0.025        0.0474        0.0083       -0.2513        0.0865        0.0042        0.0029        0.9958        0.0029           0.0           0.0           0.0           0.0           0.0           0.0        0.6538         0.0357           0.0           0.0           0.0           0.0           0.0           0.0           0.0           0.0           0.0           0.0           0.0           0.0           0.0           0.0           0.0           0.0           0.0           0.0           0.0           0.0           0.0           0.0           0.0           0.0           0.0           0.0           0.0           0.0           0.0           0.0           0.0           0.0           0.0           0.0           0.0           0.0           0.0           0.0           0.0           0.0           0.0           0.0           0.0           0.0           0.0           0.0           0.0           0.0           0.0           0.0           0.0           0.0           0.0           0.0  
 28          0.1633        0.0219        0.0506        0.0112        -0.298        0.0919        0.0042        0.0025        0.9958        0.0025           0.0           0.0           0.0           0.0           0.0           0.0        0.6723         0.0326           0.0           0.0           0.0           0.0           0.0           0.0           0.0           0.0           0.0           0.0           0.0           0.0           0.0           0.0           0.0           0.0           0.0           0.0           0.0           0.0           0.0           0.0           0.0           0.0           0.0           0.0           0.0           0.0           0.0           0.0           0.0           0.0           0.0           0.0           0.0           0.0           0.0           0.0           0.0           0.0           0.0           0.0           0.0           0.0           0.0           0.0           0.0           0.0           0.0           0.0           0.0           0.0           0.0           0.0  
 29          0.1766        0.0236        0.0476        0.0083       -0.2503        0.0938        0.0037        0.0019        0.9963        0.0019           0.0           0.0           0.0           0.0           0.0           0.0         0.659         0.0369           0.0           0.0           0.0           0.0           0.0           0.0           0.0           0.0           0.0           0.0           0.0           0.0           0.0           0.0           0.0           0.0           0.0           0.0           0.0           0.0           0.0           0.0           0.0           0.0           0.0           0.0           0.0           0.0           0.0           0.0           0.0           0.0           0.0           0.0           0.0           0.0           0.0           0.0           0.0           0.0           0.0           0.0           0.0           0.0           0.0           0.0           0.0           0.0           0.0           0.0           0.0           0.0           0.0           0.0  
 30          0.1655        0.0239        0.0477          0.01       -0.3013        0.1002        0.0033        0.0021        0.9967        0.0021           0.0           0.0           0.0           0.0           0.0           0.0        0.6704         0.0343           0.0           0.0           0.0           0.0           0.0           0.0           0.0           0.0           0.0           0.0           0.0           0.0           0.0           0.0           0.0           0.0           0.0           0.0           0.0           0.0           0.0           0.0           0.0           0.0           0.0           0.0           0.0           0.0           0.0           0.0           0.0           0.0           0.0           0.0           0.0           0.0           0.0           0.0           0.0           0.0           0.0           0.0           0.0           0.0           0.0           0.0           0.0           0.0           0.0           0.0           0.0           0.0           0.0           0.0  
 31          0.1768        0.0271        0.0485        0.0086       -0.2658        0.0973        0.0031        0.0017        0.9969        0.0017           0.0           0.0           0.0           0.0           0.0           0.0        0.6549         0.0413           0.0           0.0           0.0           0.0           0.0           0.0           0.0           0.0           0.0           0.0           0.0           0.0           0.0           0.0           0.0           0.0           0.0           0.0           0.0           0.0           0.0           0.0           0.0           0.0           0.0           0.0           0.0           0.0           0.0           0.0           0.0           0.0           0.0           0.0           0.0           0.0           0.0           0.0           0.0           0.0           0.0           0.0           0.0           0.0           0.0           0.0           0.0           0.0           0.0           0.0           0.0           0.0           0.0           0.0  
 32          0.1667        0.0256        0.0482        0.0075       -0.2959        0.0983        0.0037        0.0019        0.9963        0.0019           0.0           0.0           0.0           0.0           0.0           0.0        0.6675          0.038           0.0           0.0           0.0           0.0           0.0           0.0           0.0           0.0           0.0           0.0           0.0           0.0           0.0           0.0           0.0           0.0           0.0           0.0           0.0           0.0           0.0           0.0           0.0           0.0           0.0           0.0           0.0           0.0           0.0           0.0           0.0           0.0           0.0           0.0           0.0           0.0           0.0           0.0           0.0           0.0           0.0           0.0           0.0           0.0           0.0           0.0           0.0           0.0           0.0           0.0           0.0           0.0           0.0           0.0  
 33          0.1755        0.0252        0.0492        0.0096       -0.2681        0.0958        0.0048        0.0021        0.9952        0.0021           0.0           0.0           0.0           0.0           0.0           0.0        0.6478         0.0404           0.0           0.0           0.0           0.0           0.0           0.0           0.0           0.0           0.0           0.0           0.0           0.0           0.0           0.0           0.0           0.0           0.0           0.0           0.0           0.0           0.0           0.0           0.0           0.0           0.0           0.0           0.0           0.0           0.0           0.0           0.0           0.0           0.0           0.0           0.0           0.0           0.0           0.0           0.0           0.0           0.0           0.0           0.0           0.0           0.0           0.0           0.0           0.0           0.0           0.0           0.0           0.0           0.0           0.0  
 34          0.1718        0.0254        0.0481        0.0081       -0.2899        0.0914        0.0044        0.0019        0.9956        0.0019           0.0           0.0           0.0           0.0           0.0           0.0        0.6644         0.0402           0.0           0.0           0.0           0.0           0.0           0.0           0.0           0.0           0.0           0.0           0.0           0.0           0.0           0.0           0.0           0.0           0.0           0.0           0.0           0.0           0.0           0.0           0.0           0.0           0.0           0.0           0.0           0.0           0.0           0.0           0.0           0.0           0.0           0.0           0.0           0.0           0.0           0.0           0.0           0.0           0.0           0.0           0.0           0.0           0.0           0.0           0.0           0.0           0.0           0.0           0.0           0.0           0.0           0.0  
 35          0.1736        0.0212        0.0468        0.0088       -0.2701        0.0865        0.0039        0.0019        0.9961        0.0019           0.0           0.0           0.0           0.0           0.0           0.0        0.6554         0.0338           0.0           0.0           0.0           0.0           0.0           0.0           0.0           0.0           0.0           0.0           0.0           0.0           0.0           0.0           0.0           0.0           0.0           0.0           0.0           0.0           0.0           0.0           0.0           0.0           0.0           0.0           0.0           0.0           0.0           0.0           0.0           0.0           0.0           0.0           0.0           0.0           0.0           0.0           0.0           0.0           0.0           0.0           0.0           0.0           0.0           0.0           0.0           0.0           0.0           0.0           0.0           0.0           0.0           0.0  
 36          0.1703        0.0213        0.0469        0.0084       -0.2942        0.0783        0.0036        0.0019        0.9964        0.0019           0.0           0.0           0.0           0.0           0.0           0.0        0.6564         0.0343           0.0           0.0           0.0           0.0           0.0           0.0           0.0           0.0           0.0           0.0           0.0           0.0           0.0           0.0           0.0           0.0           0.0           0.0           0.0           0.0           0.0           0.0           0.0           0.0           0.0           0.0           0.0           0.0           0.0           0.0           0.0           0.0           0.0           0.0           0.0           0.0           0.0           0.0           0.0           0.0           0.0           0.0           0.0           0.0           0.0           0.0           0.0           0.0           0.0           0.0           0.0           0.0           0.0           0.0  
 37          0.1766        0.0227        0.0479        0.0082        -0.269        0.0844        0.0033        0.0013        0.9967        0.0013           0.0           0.0           0.0           0.0           0.0           0.0        0.6556         0.0307           0.0           0.0           0.0           0.0           0.0           0.0           0.0           0.0           0.0           0.0           0.0           0.0           0.0           0.0           0.0           0.0           0.0           0.0           0.0           0.0           0.0           0.0           0.0           0.0           0.0           0.0           0.0           0.0           0.0           0.0           0.0           0.0           0.0           0.0           0.0           0.0           0.0           0.0           0.0           0.0           0.0           0.0           0.0           0.0           0.0           0.0           0.0           0.0           0.0           0.0           0.0           0.0           0.0           0.0  
 38          0.1662        0.0214         0.051        0.0079       -0.2931        0.0878        0.0039        0.0017        0.9961        0.0017           0.0           0.0           0.0           0.0           0.0           0.0        0.6617         0.0368           0.0           0.0           0.0           0.0           0.0           0.0           0.0           0.0           0.0           0.0           0.0           0.0           0.0           0.0           0.0           0.0           0.0           0.0           0.0           0.0           0.0           0.0           0.0           0.0           0.0           0.0           0.0           0.0           0.0           0.0           0.0           0.0           0.0           0.0           0.0           0.0           0.0           0.0           0.0           0.0           0.0           0.0           0.0           0.0           0.0           0.0           0.0           0.0           0.0           0.0           0.0           0.0           0.0           0.0  
 39          0.1729        0.0219        0.0501        0.0076       -0.2635        0.0948        0.0039        0.0016        0.9961        0.0016           0.0           0.0           0.0           0.0           0.0           0.0        0.6576         0.0359           0.0           0.0           0.0           0.0           0.0           0.0           0.0           0.0           0.0           0.0           0.0           0.0           0.0           0.0           0.0           0.0           0.0           0.0           0.0           0.0           0.0           0.0           0.0           0.0           0.0           0.0           0.0           0.0           0.0           0.0           0.0           0.0           0.0           0.0           0.0           0.0           0.0           0.0           0.0           0.0           0.0           0.0           0.0           0.0           0.0           0.0           0.0           0.0           0.0           0.0           0.0           0.0           0.0           0.0  
 40          0.1685        0.0195         0.046        0.0076       -0.3004         0.087        0.0041        0.0019        0.9959        0.0019           0.0           0.0           0.0           0.0           0.0           0.0        0.6617         0.0363           0.0           0.0           0.0           0.0           0.0           0.0           0.0           0.0           0.0           0.0           0.0           0.0           0.0           0.0           0.0           0.0           0.0           0.0           0.0           0.0           0.0           0.0           0.0           0.0           0.0           0.0           0.0           0.0           0.0           0.0           0.0           0.0           0.0           0.0           0.0           0.0           0.0           0.0           0.0           0.0           0.0           0.0           0.0           0.0           0.0           0.0           0.0           0.0           0.0           0.0           0.0           0.0           0.0           0.0  
 41          0.1737        0.0231        0.0484        0.0079       -0.2707        0.0948        0.0044        0.0023        0.9956        0.0023           0.0           0.0           0.0           0.0           0.0           0.0        0.6508         0.0344           0.0           0.0           0.0           0.0           0.0           0.0           0.0           0.0           0.0           0.0           0.0           0.0           0.0           0.0           0.0           0.0           0.0           0.0           0.0           0.0           0.0           0.0           0.0           0.0           0.0           0.0           0.0           0.0           0.0           0.0           0.0           0.0           0.0           0.0           0.0           0.0           0.0           0.0           0.0           0.0           0.0           0.0           0.0           0.0           0.0           0.0           0.0           0.0           0.0           0.0           0.0           0.0           0.0           0.0  
 42          0.1705        0.0236        0.0465        0.0085       -0.2916        0.0957        0.0039        0.0022        0.9961        0.0022           0.0           0.0           0.0           0.0           0.0           0.0        0.6584         0.0387           0.0           0.0           0.0           0.0           0.0           0.0           0.0           0.0           0.0           0.0           0.0           0.0           0.0           0.0           0.0           0.0           0.0           0.0           0.0           0.0           0.0           0.0           0.0           0.0           0.0           0.0           0.0           0.0           0.0           0.0           0.0           0.0           0.0           0.0           0.0           0.0           0.0           0.0           0.0           0.0           0.0           0.0           0.0           0.0           0.0           0.0           0.0           0.0           0.0           0.0           0.0           0.0           0.0           0.0  
 43          0.1745        0.0228        0.0481        0.0075       -0.2697        0.0929        0.0039        0.0023        0.9961        0.0023           0.0           0.0           0.0           0.0           0.0           0.0        0.6521         0.0392           0.0           0.0           0.0           0.0           0.0           0.0           0.0           0.0           0.0           0.0           0.0           0.0           0.0           0.0           0.0           0.0           0.0           0.0           0.0           0.0           0.0           0.0           0.0           0.0           0.0           0.0           0.0           0.0           0.0           0.0           0.0           0.0           0.0           0.0           0.0           0.0           0.0           0.0           0.0           0.0           0.0           0.0           0.0           0.0           0.0           0.0           0.0           0.0           0.0           0.0           0.0           0.0           0.0           0.0  
 44          0.1709         0.025        0.0456        0.0086       -0.2897        0.0872        0.0043        0.0025        0.9957        0.0025           0.0           0.0           0.0           0.0           0.0           0.0         0.659         0.0413           0.0           0.0           0.0           0.0           0.0           0.0           0.0           0.0           0.0           0.0           0.0           0.0           0.0           0.0           0.0           0.0           0.0           0.0           0.0           0.0           0.0           0.0           0.0           0.0           0.0           0.0           0.0           0.0           0.0           0.0           0.0           0.0           0.0           0.0           0.0           0.0           0.0           0.0           0.0           0.0           0.0           0.0           0.0           0.0           0.0           0.0           0.0           0.0           0.0           0.0           0.0           0.0           0.0           0.0  
 45          0.1733        0.0222        0.0483         0.009       -0.2713        0.0878        0.0041        0.0022        0.9959        0.0022           0.0           0.0           0.0           0.0           0.0           0.0         0.653         0.0347           0.0           0.0           0.0           0.0           0.0           0.0           0.0           0.0           0.0           0.0           0.0           0.0           0.0           0.0           0.0           0.0           0.0           0.0           0.0           0.0           0.0           0.0           0.0           0.0           0.0           0.0           0.0           0.0           0.0           0.0           0.0           0.0           0.0           0.0           0.0           0.0           0.0           0.0           0.0           0.0           0.0           0.0           0.0           0.0           0.0           0.0           0.0           0.0           0.0           0.0           0.0           0.0           0.0           0.0  
 46          0.1722        0.0224        0.0456        0.0075        -0.292        0.0866        0.0036        0.0017        0.9964        0.0017           0.0           0.0           0.0           0.0           0.0           0.0        0.6577         0.0384           0.0           0.0           0.0           0.0           0.0           0.0           0.0           0.0           0.0           0.0           0.0           0.0           0.0           0.0           0.0           0.0           0.0           0.0           0.0           0.0           0.0           0.0           0.0           0.0           0.0           0.0           0.0           0.0           0.0           0.0           0.0           0.0           0.0           0.0           0.0           0.0           0.0           0.0           0.0           0.0           0.0           0.0           0.0           0.0           0.0           0.0           0.0           0.0           0.0           0.0           0.0           0.0           0.0           0.0  
 47          0.1739        0.0233        0.0503        0.0092       -0.2639        0.0876        0.0041        0.0017        0.9959        0.0017           0.0           0.0           0.0           0.0           0.0           0.0        0.6519         0.0345           0.0           0.0           0.0           0.0           0.0           0.0           0.0           0.0           0.0           0.0           0.0           0.0           0.0           0.0           0.0           0.0           0.0           0.0           0.0           0.0           0.0           0.0           0.0           0.0           0.0           0.0           0.0           0.0           0.0           0.0           0.0           0.0           0.0           0.0           0.0           0.0           0.0           0.0           0.0           0.0           0.0           0.0           0.0           0.0           0.0           0.0           0.0           0.0           0.0           0.0           0.0           0.0           0.0           0.0  
 48          0.1698         0.025          0.05        0.0098        -0.291        0.0855         0.004        0.0024         0.996        0.0024           0.0           0.0           0.0           0.0           0.0           0.0        0.6636         0.0363           0.0           0.0           0.0           0.0           0.0           0.0           0.0           0.0           0.0           0.0           0.0           0.0           0.0           0.0           0.0           0.0           0.0           0.0           0.0           0.0           0.0           0.0           0.0           0.0           0.0           0.0           0.0           0.0           0.0           0.0           0.0           0.0           0.0           0.0           0.0           0.0           0.0           0.0           0.0           0.0           0.0           0.0           0.0           0.0           0.0           0.0           0.0           0.0           0.0           0.0           0.0           0.0           0.0           0.0  
 49          0.1733        0.0239        0.0496         0.009       -0.2739        0.0905        0.0039         0.002        0.9961         0.002           0.0           0.0           0.0           0.0           0.0           0.0         0.659         0.0353           0.0           0.0           0.0           0.0           0.0           0.0           0.0           0.0           0.0           0.0           0.0           0.0           0.0           0.0           0.0           0.0           0.0           0.0           0.0           0.0           0.0           0.0           0.0           0.0           0.0           0.0           0.0           0.0           0.0           0.0           0.0           0.0           0.0           0.0           0.0           0.0           0.0           0.0           0.0           0.0           0.0           0.0           0.0           0.0           0.0           0.0           0.0           0.0           0.0           0.0           0.0           0.0           0.0           0.0  
 50          0.1689        0.0231        0.0492        0.0082       -0.2896        0.0814        0.0037        0.0016        0.9963        0.0016           0.0           0.0           0.0           0.0           0.0           0.0        0.6567         0.0379           0.0           0.0           0.0           0.0           0.0           0.0           0.0           0.0           0.0           0.0           0.0           0.0           0.0           0.0           0.0           0.0           0.0           0.0           0.0           0.0           0.0           0.0           0.0           0.0           0.0           0.0           0.0           0.0           0.0           0.0           0.0           0.0           0.0           0.0           0.0           0.0           0.0           0.0           0.0           0.0           0.0           0.0           0.0           0.0           0.0           0.0           0.0           0.0           0.0           0.0           0.0           0.0           0.0           0.0  
